Image: bus
Total detections: 1000
Format: class_id confidence x y w h (normalized 0-1)
Format: class_id confidence x_pixel y_pixel w_pixel h_pixel

0 0.2500 0.0063 0.0063 0.0156 0.0203
0 0.2500 4.0 4.0 10.0 13.0
0 0.2500 0.0063 0.0063 0.0250 0.0469
0 0.2500 4.0 4.0 16.0 30.0
0 0.2500 0.0063 0.0063 0.0516 0.0359
0 0.2500 4.0 4.0 33.0 23.0
0 0.2500 0.0188 0.0063 0.0156 0.0203
0 0.2500 12.0 4.0 10.0 13.0
0 0.2500 0.0188 0.0063 0.0250 0.0469
0 0.2500 12.0 4.0 16.0 30.0
0 0.2500 0.0312 0.0063 0.0156 0.0203
0 0.2500 20.0 4.0 10.0 13.0
0 0.2500 0.0312 0.0063 0.0250 0.0469
0 0.2500 20.0 4.0 16.0 30.0
0 0.2500 0.0312 0.0063 0.0516 0.0359
0 0.2500 20.0 4.0 33.0 23.0
0 0.2500 0.0437 0.0063 0.0156 0.0203
0 0.2500 28.0 4.0 10.0 13.0
0 0.2500 0.0437 0.0063 0.0250 0.0469
0 0.2500 28.0 4.0 16.0 30.0
0 0.2500 0.0562 0.0063 0.0156 0.0203
0 0.2500 36.0 4.0 10.0 13.0
0 0.2500 0.0562 0.0063 0.0250 0.0469
0 0.2500 36.0 4.0 16.0 30.0
0 0.2500 0.0562 0.0063 0.0516 0.0359
0 0.2500 36.0 4.0 33.0 23.0
0 0.2500 0.0688 0.0063 0.0156 0.0203
0 0.2500 44.0 4.0 10.0 13.0
0 0.2500 0.0688 0.0063 0.0250 0.0469
0 0.2500 44.0 4.0 16.0 30.0
0 0.2500 0.0812 0.0063 0.0156 0.0203
0 0.2500 52.0 4.0 10.0 13.0
0 0.2500 0.0812 0.0063 0.0250 0.0469
0 0.2500 52.0 4.0 16.0 30.0
0 0.2500 0.0812 0.0063 0.0516 0.0359
0 0.2500 52.0 4.0 33.0 23.0
0 0.2500 0.0938 0.0063 0.0156 0.0203
0 0.2500 60.0 4.0 10.0 13.0
0 0.2500 0.0938 0.0063 0.0250 0.0469
0 0.2500 60.0 4.0 16.0 30.0
0 0.2500 0.1063 0.0063 0.0156 0.0203
0 0.2500 68.0 4.0 10.0 13.0
0 0.2500 0.1063 0.0063 0.0250 0.0469
0 0.2500 68.0 4.0 16.0 30.0
0 0.2500 0.1063 0.0063 0.0516 0.0359
0 0.2500 68.0 4.0 33.0 23.0
0 0.2500 0.1187 0.0063 0.0156 0.0203
0 0.2500 76.0 4.0 10.0 13.0
0 0.2500 0.1187 0.0063 0.0250 0.0469
0 0.2500 76.0 4.0 16.0 30.0
0 0.2500 0.1312 0.0063 0.0156 0.0203
0 0.2500 84.0 4.0 10.0 13.0
0 0.2500 0.1312 0.0063 0.0250 0.0469
0 0.2500 84.0 4.0 16.0 30.0
0 0.2500 0.1312 0.0063 0.0516 0.0359
0 0.2500 84.0 4.0 33.0 23.0
0 0.2500 0.1437 0.0063 0.0156 0.0203
0 0.2500 92.0 4.0 10.0 13.0
0 0.2500 0.1437 0.0063 0.0250 0.0469
0 0.2500 92.0 4.0 16.0 30.0
0 0.2500 0.1562 0.0063 0.0156 0.0203
0 0.2500 100.0 4.0 10.0 13.0
0 0.2500 0.1562 0.0063 0.0250 0.0469
0 0.2500 100.0 4.0 16.0 30.0
0 0.2500 0.1562 0.0063 0.0516 0.0359
0 0.2500 100.0 4.0 33.0 23.0
0 0.2500 0.1688 0.0063 0.0156 0.0203
0 0.2500 108.0 4.0 10.0 13.0
0 0.2500 0.1688 0.0063 0.0250 0.0469
0 0.2500 108.0 4.0 16.0 30.0
0 0.2500 0.1813 0.0063 0.0156 0.0203
0 0.2500 116.0 4.0 10.0 13.0
0 0.2500 0.1813 0.0063 0.0250 0.0469
0 0.2500 116.0 4.0 16.0 30.0
0 0.2500 0.1813 0.0063 0.0516 0.0359
0 0.2500 116.0 4.0 33.0 23.0
0 0.2500 0.1937 0.0063 0.0156 0.0203
0 0.2500 124.0 4.0 10.0 13.0
0 0.2500 0.1937 0.0063 0.0250 0.0469
0 0.2500 124.0 4.0 16.0 30.0
0 0.2500 0.2062 0.0063 0.0156 0.0203
0 0.2500 132.0 4.0 10.0 13.0
0 0.2500 0.2062 0.0063 0.0250 0.0469
0 0.2500 132.0 4.0 16.0 30.0
0 0.2500 0.2062 0.0063 0.0516 0.0359
0 0.2500 132.0 4.0 33.0 23.0
0 0.2500 0.2188 0.0063 0.0156 0.0203
0 0.2500 140.0 4.0 10.0 13.0
0 0.2500 0.2188 0.0063 0.0250 0.0469
0 0.2500 140.0 4.0 16.0 30.0
0 0.2500 0.2313 0.0063 0.0156 0.0203
0 0.2500 148.0 4.0 10.0 13.0
0 0.2500 0.2313 0.0063 0.0250 0.0469
0 0.2500 148.0 4.0 16.0 30.0
0 0.2500 0.2313 0.0063 0.0516 0.0359
0 0.2500 148.0 4.0 33.0 23.0
0 0.2500 0.2438 0.0063 0.0156 0.0203
0 0.2500 156.0 4.0 10.0 13.0
0 0.2500 0.2438 0.0063 0.0250 0.0469
0 0.2500 156.0 4.0 16.0 30.0
0 0.2500 0.2562 0.0063 0.0156 0.0203
0 0.2500 164.0 4.0 10.0 13.0
0 0.2500 0.2562 0.0063 0.0250 0.0469
0 0.2500 164.0 4.0 16.0 30.0
0 0.2500 0.2562 0.0063 0.0516 0.0359
0 0.2500 164.0 4.0 33.0 23.0
0 0.2500 0.2688 0.0063 0.0156 0.0203
0 0.2500 172.0 4.0 10.0 13.0
0 0.2500 0.2688 0.0063 0.0250 0.0469
0 0.2500 172.0 4.0 16.0 30.0
0 0.2500 0.2812 0.0063 0.0156 0.0203
0 0.2500 180.0 4.0 10.0 13.0
0 0.2500 0.2812 0.0063 0.0250 0.0469
0 0.2500 180.0 4.0 16.0 30.0
0 0.2500 0.2812 0.0063 0.0516 0.0359
0 0.2500 180.0 4.0 33.0 23.0
0 0.2500 0.2937 0.0063 0.0156 0.0203
0 0.2500 188.0 4.0 10.0 13.0
0 0.2500 0.2937 0.0063 0.0250 0.0469
0 0.2500 188.0 4.0 16.0 30.0
0 0.2500 0.3063 0.0063 0.0156 0.0203
0 0.2500 196.0 4.0 10.0 13.0
0 0.2500 0.3063 0.0063 0.0250 0.0469
0 0.2500 196.0 4.0 16.0 30.0
0 0.2500 0.3063 0.0063 0.0516 0.0359
0 0.2500 196.0 4.0 33.0 23.0
0 0.2500 0.3187 0.0063 0.0156 0.0203
0 0.2500 204.0 4.0 10.0 13.0
0 0.2500 0.3187 0.0063 0.0250 0.0469
0 0.2500 204.0 4.0 16.0 30.0
0 0.2500 0.3313 0.0063 0.0156 0.0203
0 0.2500 212.0 4.0 10.0 13.0
0 0.2500 0.3313 0.0063 0.0250 0.0469
0 0.2500 212.0 4.0 16.0 30.0
0 0.2500 0.3313 0.0063 0.0516 0.0359
0 0.2500 212.0 4.0 33.0 23.0
0 0.2500 0.3438 0.0063 0.0156 0.0203
0 0.2500 220.0 4.0 10.0 13.0
0 0.2500 0.3438 0.0063 0.0250 0.0469
0 0.2500 220.0 4.0 16.0 30.0
0 0.2500 0.3562 0.0063 0.0156 0.0203
0 0.2500 228.0 4.0 10.0 13.0
0 0.2500 0.3562 0.0063 0.0250 0.0469
0 0.2500 228.0 4.0 16.0 30.0
0 0.2500 0.3562 0.0063 0.0516 0.0359
0 0.2500 228.0 4.0 33.0 23.0
0 0.2500 0.3688 0.0063 0.0156 0.0203
0 0.2500 236.0 4.0 10.0 13.0
0 0.2500 0.3688 0.0063 0.0250 0.0469
0 0.2500 236.0 4.0 16.0 30.0
0 0.2500 0.3812 0.0063 0.0156 0.0203
0 0.2500 244.0 4.0 10.0 13.0
0 0.2500 0.3812 0.0063 0.0250 0.0469
0 0.2500 244.0 4.0 16.0 30.0
0 0.2500 0.3812 0.0063 0.0516 0.0359
0 0.2500 244.0 4.0 33.0 23.0
0 0.2500 0.3938 0.0063 0.0156 0.0203
0 0.2500 252.0 4.0 10.0 13.0
0 0.2500 0.3938 0.0063 0.0250 0.0469
0 0.2500 252.0 4.0 16.0 30.0
0 0.2500 0.4062 0.0063 0.0156 0.0203
0 0.2500 260.0 4.0 10.0 13.0
0 0.2500 0.4062 0.0063 0.0250 0.0469
0 0.2500 260.0 4.0 16.0 30.0
0 0.2500 0.4062 0.0063 0.0516 0.0359
0 0.2500 260.0 4.0 33.0 23.0
0 0.2500 0.4187 0.0063 0.0156 0.0203
0 0.2500 268.0 4.0 10.0 13.0
0 0.2500 0.4187 0.0063 0.0250 0.0469
0 0.2500 268.0 4.0 16.0 30.0
0 0.2500 0.4313 0.0063 0.0156 0.0203
0 0.2500 276.0 4.0 10.0 13.0
0 0.2500 0.4313 0.0063 0.0250 0.0469
0 0.2500 276.0 4.0 16.0 30.0
0 0.2500 0.4313 0.0063 0.0516 0.0359
0 0.2500 276.0 4.0 33.0 23.0
0 0.2500 0.4437 0.0063 0.0156 0.0203
0 0.2500 284.0 4.0 10.0 13.0
0 0.2500 0.4437 0.0063 0.0250 0.0469
0 0.2500 284.0 4.0 16.0 30.0
0 0.2500 0.4563 0.0063 0.0156 0.0203
0 0.2500 292.0 4.0 10.0 13.0
0 0.2500 0.4563 0.0063 0.0250 0.0469
0 0.2500 292.0 4.0 16.0 30.0
0 0.2500 0.4563 0.0063 0.0516 0.0359
0 0.2500 292.0 4.0 33.0 23.0
0 0.2500 0.4688 0.0063 0.0156 0.0203
0 0.2500 300.0 4.0 10.0 13.0
0 0.2500 0.4688 0.0063 0.0250 0.0469
0 0.2500 300.0 4.0 16.0 30.0
0 0.2500 0.4812 0.0063 0.0156 0.0203
0 0.2500 308.0 4.0 10.0 13.0
0 0.2500 0.4812 0.0063 0.0250 0.0469
0 0.2500 308.0 4.0 16.0 30.0
0 0.2500 0.4812 0.0063 0.0516 0.0359
0 0.2500 308.0 4.0 33.0 23.0
0 0.2500 0.4938 0.0063 0.0156 0.0203
0 0.2500 316.0 4.0 10.0 13.0
0 0.2500 0.4938 0.0063 0.0250 0.0469
0 0.2500 316.0 4.0 16.0 30.0
0 0.2500 0.5063 0.0063 0.0156 0.0203
0 0.2500 324.0 4.0 10.0 13.0
0 0.2500 0.5063 0.0063 0.0250 0.0469
0 0.2500 324.0 4.0 16.0 30.0
0 0.2500 0.5063 0.0063 0.0516 0.0359
0 0.2500 324.0 4.0 33.0 23.0
0 0.2500 0.5188 0.0063 0.0156 0.0203
0 0.2500 332.0 4.0 10.0 13.0
0 0.2500 0.5188 0.0063 0.0250 0.0469
0 0.2500 332.0 4.0 16.0 30.0
0 0.2500 0.5312 0.0063 0.0156 0.0203
0 0.2500 340.0 4.0 10.0 13.0
0 0.2500 0.5312 0.0063 0.0250 0.0469
0 0.2500 340.0 4.0 16.0 30.0
0 0.2500 0.5312 0.0063 0.0516 0.0359
0 0.2500 340.0 4.0 33.0 23.0
0 0.2500 0.5437 0.0063 0.0156 0.0203
0 0.2500 348.0 4.0 10.0 13.0
0 0.2500 0.5437 0.0063 0.0250 0.0469
0 0.2500 348.0 4.0 16.0 30.0
0 0.2500 0.5562 0.0063 0.0156 0.0203
0 0.2500 356.0 4.0 10.0 13.0
0 0.2500 0.5562 0.0063 0.0250 0.0469
0 0.2500 356.0 4.0 16.0 30.0
0 0.2500 0.5562 0.0063 0.0516 0.0359
0 0.2500 356.0 4.0 33.0 23.0
0 0.2500 0.5688 0.0063 0.0156 0.0203
0 0.2500 364.0 4.0 10.0 13.0
0 0.2500 0.5688 0.0063 0.0250 0.0469
0 0.2500 364.0 4.0 16.0 30.0
0 0.2500 0.5813 0.0063 0.0156 0.0203
0 0.2500 372.0 4.0 10.0 13.0
0 0.2500 0.5813 0.0063 0.0250 0.0469
0 0.2500 372.0 4.0 16.0 30.0
0 0.2500 0.5813 0.0063 0.0516 0.0359
0 0.2500 372.0 4.0 33.0 23.0
0 0.2500 0.5938 0.0063 0.0156 0.0203
0 0.2500 380.0 4.0 10.0 13.0
0 0.2500 0.5938 0.0063 0.0250 0.0469
0 0.2500 380.0 4.0 16.0 30.0
0 0.2500 0.6062 0.0063 0.0156 0.0203
0 0.2500 388.0 4.0 10.0 13.0
0 0.2500 0.6062 0.0063 0.0250 0.0469
0 0.2500 388.0 4.0 16.0 30.0
0 0.2500 0.6062 0.0063 0.0516 0.0359
0 0.2500 388.0 4.0 33.0 23.0
0 0.2500 0.6187 0.0063 0.0156 0.0203
0 0.2500 396.0 4.0 10.0 13.0
0 0.2500 0.6187 0.0063 0.0250 0.0469
0 0.2500 396.0 4.0 16.0 30.0
0 0.2500 0.6313 0.0063 0.0156 0.0203
0 0.2500 404.0 4.0 10.0 13.0
0 0.2500 0.6313 0.0063 0.0250 0.0469
0 0.2500 404.0 4.0 16.0 30.0
0 0.2500 0.6313 0.0063 0.0516 0.0359
0 0.2500 404.0 4.0 33.0 23.0
0 0.2500 0.6438 0.0063 0.0156 0.0203
0 0.2500 412.0 4.0 10.0 13.0
0 0.2500 0.6438 0.0063 0.0250 0.0469
0 0.2500 412.0 4.0 16.0 30.0
0 0.2500 0.6562 0.0063 0.0156 0.0203
0 0.2500 420.0 4.0 10.0 13.0
0 0.2500 0.6562 0.0063 0.0250 0.0469
0 0.2500 420.0 4.0 16.0 30.0
0 0.2500 0.6562 0.0063 0.0516 0.0359
0 0.2500 420.0 4.0 33.0 23.0
0 0.2500 0.6687 0.0063 0.0156 0.0203
0 0.2500 428.0 4.0 10.0 13.0
0 0.2500 0.6687 0.0063 0.0250 0.0469
0 0.2500 428.0 4.0 16.0 30.0
0 0.2500 0.6812 0.0063 0.0156 0.0203
0 0.2500 436.0 4.0 10.0 13.0
0 0.2500 0.6812 0.0063 0.0250 0.0469
0 0.2500 436.0 4.0 16.0 30.0
0 0.2500 0.6812 0.0063 0.0516 0.0359
0 0.2500 436.0 4.0 33.0 23.0
0 0.2500 0.6938 0.0063 0.0156 0.0203
0 0.2500 444.0 4.0 10.0 13.0
0 0.2500 0.6938 0.0063 0.0250 0.0469
0 0.2500 444.0 4.0 16.0 30.0
0 0.2500 0.7063 0.0063 0.0156 0.0203
0 0.2500 452.0 4.0 10.0 13.0
0 0.2500 0.7063 0.0063 0.0250 0.0469
0 0.2500 452.0 4.0 16.0 30.0
0 0.2500 0.7063 0.0063 0.0516 0.0359
0 0.2500 452.0 4.0 33.0 23.0
0 0.2500 0.7188 0.0063 0.0156 0.0203
0 0.2500 460.0 4.0 10.0 13.0
0 0.2500 0.7188 0.0063 0.0250 0.0469
0 0.2500 460.0 4.0 16.0 30.0
0 0.2500 0.7312 0.0063 0.0156 0.0203
0 0.2500 468.0 4.0 10.0 13.0
0 0.2500 0.7312 0.0063 0.0250 0.0469
0 0.2500 468.0 4.0 16.0 30.0
0 0.2500 0.7312 0.0063 0.0516 0.0359
0 0.2500 468.0 4.0 33.0 23.0
0 0.2500 0.7437 0.0063 0.0156 0.0203
0 0.2500 476.0 4.0 10.0 13.0
0 0.2500 0.7437 0.0063 0.0250 0.0469
0 0.2500 476.0 4.0 16.0 30.0
0 0.2500 0.7563 0.0063 0.0156 0.0203
0 0.2500 484.0 4.0 10.0 13.0
0 0.2500 0.7563 0.0063 0.0250 0.0469
0 0.2500 484.0 4.0 16.0 30.0
0 0.2500 0.7563 0.0063 0.0516 0.0359
0 0.2500 484.0 4.0 33.0 23.0
0 0.2500 0.7688 0.0063 0.0156 0.0203
0 0.2500 492.0 4.0 10.0 13.0
0 0.2500 0.7688 0.0063 0.0250 0.0469
0 0.2500 492.0 4.0 16.0 30.0
0 0.2500 0.7812 0.0063 0.0156 0.0203
0 0.2500 500.0 4.0 10.0 13.0
0 0.2500 0.7812 0.0063 0.0250 0.0469
0 0.2500 500.0 4.0 16.0 30.0
0 0.2500 0.7812 0.0063 0.0516 0.0359
0 0.2500 500.0 4.0 33.0 23.0
0 0.2500 0.7937 0.0063 0.0156 0.0203
0 0.2500 508.0 4.0 10.0 13.0
0 0.2500 0.7937 0.0063 0.0250 0.0469
0 0.2500 508.0 4.0 16.0 30.0
0 0.2500 0.8062 0.0063 0.0156 0.0203
0 0.2500 516.0 4.0 10.0 13.0
0 0.2500 0.8062 0.0063 0.0250 0.0469
0 0.2500 516.0 4.0 16.0 30.0
0 0.2500 0.8062 0.0063 0.0516 0.0359
0 0.2500 516.0 4.0 33.0 23.0
0 0.2500 0.8188 0.0063 0.0156 0.0203
0 0.2500 524.0 4.0 10.0 13.0
0 0.2500 0.8188 0.0063 0.0250 0.0469
0 0.2500 524.0 4.0 16.0 30.0
0 0.2500 0.8313 0.0063 0.0156 0.0203
0 0.2500 532.0 4.0 10.0 13.0
0 0.2500 0.8313 0.0063 0.0250 0.0469
0 0.2500 532.0 4.0 16.0 30.0
0 0.2500 0.8313 0.0063 0.0516 0.0359
0 0.2500 532.0 4.0 33.0 23.0
0 0.2500 0.8438 0.0063 0.0156 0.0203
0 0.2500 540.0 4.0 10.0 13.0
0 0.2500 0.8438 0.0063 0.0250 0.0469
0 0.2500 540.0 4.0 16.0 30.0
0 0.2500 0.8562 0.0063 0.0156 0.0203
0 0.2500 548.0 4.0 10.0 13.0
0 0.2500 0.8562 0.0063 0.0250 0.0469
0 0.2500 548.0 4.0 16.0 30.0
0 0.2500 0.8562 0.0063 0.0516 0.0359
0 0.2500 548.0 4.0 33.0 23.0
0 0.2500 0.8687 0.0063 0.0156 0.0203
0 0.2500 556.0 4.0 10.0 13.0
0 0.2500 0.8687 0.0063 0.0250 0.0469
0 0.2500 556.0 4.0 16.0 30.0
0 0.2500 0.8813 0.0063 0.0156 0.0203
0 0.2500 564.0 4.0 10.0 13.0
0 0.2500 0.8813 0.0063 0.0250 0.0469
0 0.2500 564.0 4.0 16.0 30.0
0 0.2500 0.8813 0.0063 0.0516 0.0359
0 0.2500 564.0 4.0 33.0 23.0
0 0.2500 0.8938 0.0063 0.0156 0.0203
0 0.2500 572.0 4.0 10.0 13.0
0 0.2500 0.8938 0.0063 0.0250 0.0469
0 0.2500 572.0 4.0 16.0 30.0
0 0.2500 0.9062 0.0063 0.0156 0.0203
0 0.2500 580.0 4.0 10.0 13.0
0 0.2500 0.9062 0.0063 0.0250 0.0469
0 0.2500 580.0 4.0 16.0 30.0
0 0.2500 0.9062 0.0063 0.0516 0.0359
0 0.2500 580.0 4.0 33.0 23.0
0 0.2500 0.9187 0.0063 0.0156 0.0203
0 0.2500 588.0 4.0 10.0 13.0
0 0.2500 0.9187 0.0063 0.0250 0.0469
0 0.2500 588.0 4.0 16.0 30.0
0 0.2500 0.9312 0.0063 0.0156 0.0203
0 0.2500 596.0 4.0 10.0 13.0
0 0.2500 0.9312 0.0063 0.0250 0.0469
0 0.2500 596.0 4.0 16.0 30.0
0 0.2500 0.9312 0.0063 0.0516 0.0359
0 0.2500 596.0 4.0 33.0 23.0
0 0.2500 0.9438 0.0063 0.0156 0.0203
0 0.2500 604.0 4.0 10.0 13.0
0 0.2500 0.9438 0.0063 0.0250 0.0469
0 0.2500 604.0 4.0 16.0 30.0
0 0.2500 0.9563 0.0063 0.0156 0.0203
0 0.2500 612.0 4.0 10.0 13.0
0 0.2500 0.9563 0.0063 0.0250 0.0469
0 0.2500 612.0 4.0 16.0 30.0
0 0.2500 0.9563 0.0063 0.0516 0.0359
0 0.2500 612.0 4.0 33.0 23.0
0 0.2500 0.9688 0.0063 0.0156 0.0203
0 0.2500 620.0 4.0 10.0 13.0
0 0.2500 0.9688 0.0063 0.0250 0.0469
0 0.2500 620.0 4.0 16.0 30.0
0 0.2500 0.9812 0.0063 0.0156 0.0203
0 0.2500 628.0 4.0 10.0 13.0
0 0.2500 0.9812 0.0063 0.0250 0.0469
0 0.2500 628.0 4.0 16.0 30.0
0 0.2500 0.9812 0.0063 0.0516 0.0359
0 0.2500 628.0 4.0 33.0 23.0
0 0.2500 0.9937 0.0063 0.0156 0.0203
0 0.2500 636.0 4.0 10.0 13.0
0 0.2500 0.9937 0.0063 0.0250 0.0469
0 0.2500 636.0 4.0 16.0 30.0
0 0.2500 0.0063 0.0188 0.0156 0.0203
0 0.2500 4.0 12.0 10.0 13.0
0 0.2500 0.0188 0.0188 0.0156 0.0203
0 0.2500 12.0 12.0 10.0 13.0
0 0.2500 0.0188 0.0188 0.0516 0.0359
0 0.2500 12.0 12.0 33.0 23.0
0 0.2500 0.0312 0.0188 0.0156 0.0203
0 0.2500 20.0 12.0 10.0 13.0
0 0.2500 0.0437 0.0188 0.0156 0.0203
0 0.2500 28.0 12.0 10.0 13.0
0 0.2500 0.0437 0.0188 0.0516 0.0359
0 0.2500 28.0 12.0 33.0 23.0
0 0.2500 0.0562 0.0188 0.0156 0.0203
0 0.2500 36.0 12.0 10.0 13.0
0 0.2500 0.0688 0.0188 0.0156 0.0203
0 0.2500 44.0 12.0 10.0 13.0
0 0.2500 0.0688 0.0188 0.0516 0.0359
0 0.2500 44.0 12.0 33.0 23.0
0 0.2500 0.0812 0.0188 0.0156 0.0203
0 0.2500 52.0 12.0 10.0 13.0
0 0.2500 0.0938 0.0188 0.0156 0.0203
0 0.2500 60.0 12.0 10.0 13.0
0 0.2500 0.0938 0.0188 0.0516 0.0359
0 0.2500 60.0 12.0 33.0 23.0
0 0.2500 0.1063 0.0188 0.0156 0.0203
0 0.2500 68.0 12.0 10.0 13.0
0 0.2500 0.1187 0.0188 0.0156 0.0203
0 0.2500 76.0 12.0 10.0 13.0
0 0.2500 0.1187 0.0188 0.0516 0.0359
0 0.2500 76.0 12.0 33.0 23.0
0 0.2500 0.1312 0.0188 0.0156 0.0203
0 0.2500 84.0 12.0 10.0 13.0
0 0.2500 0.1437 0.0188 0.0156 0.0203
0 0.2500 92.0 12.0 10.0 13.0
0 0.2500 0.1437 0.0188 0.0516 0.0359
0 0.2500 92.0 12.0 33.0 23.0
0 0.2500 0.1562 0.0188 0.0156 0.0203
0 0.2500 100.0 12.0 10.0 13.0
0 0.2500 0.1688 0.0188 0.0156 0.0203
0 0.2500 108.0 12.0 10.0 13.0
0 0.2500 0.1688 0.0188 0.0516 0.0359
0 0.2500 108.0 12.0 33.0 23.0
0 0.2500 0.1813 0.0188 0.0156 0.0203
0 0.2500 116.0 12.0 10.0 13.0
0 0.2500 0.1937 0.0188 0.0156 0.0203
0 0.2500 124.0 12.0 10.0 13.0
0 0.2500 0.1937 0.0188 0.0516 0.0359
0 0.2500 124.0 12.0 33.0 23.0
0 0.2500 0.2062 0.0188 0.0156 0.0203
0 0.2500 132.0 12.0 10.0 13.0
0 0.2500 0.2188 0.0188 0.0156 0.0203
0 0.2500 140.0 12.0 10.0 13.0
0 0.2500 0.2188 0.0188 0.0516 0.0359
0 0.2500 140.0 12.0 33.0 23.0
0 0.2500 0.2313 0.0188 0.0156 0.0203
0 0.2500 148.0 12.0 10.0 13.0
0 0.2500 0.2438 0.0188 0.0156 0.0203
0 0.2500 156.0 12.0 10.0 13.0
0 0.2500 0.2438 0.0188 0.0516 0.0359
0 0.2500 156.0 12.0 33.0 23.0
0 0.2500 0.2562 0.0188 0.0156 0.0203
0 0.2500 164.0 12.0 10.0 13.0
0 0.2500 0.2688 0.0188 0.0156 0.0203
0 0.2500 172.0 12.0 10.0 13.0
0 0.2500 0.2688 0.0188 0.0516 0.0359
0 0.2500 172.0 12.0 33.0 23.0
0 0.2500 0.2812 0.0188 0.0156 0.0203
0 0.2500 180.0 12.0 10.0 13.0
0 0.2500 0.2937 0.0188 0.0156 0.0203
0 0.2500 188.0 12.0 10.0 13.0
0 0.2500 0.2937 0.0188 0.0516 0.0359
0 0.2500 188.0 12.0 33.0 23.0
0 0.2500 0.3063 0.0188 0.0156 0.0203
0 0.2500 196.0 12.0 10.0 13.0
0 0.2500 0.3187 0.0188 0.0156 0.0203
0 0.2500 204.0 12.0 10.0 13.0
0 0.2500 0.3187 0.0188 0.0516 0.0359
0 0.2500 204.0 12.0 33.0 23.0
0 0.2500 0.3313 0.0188 0.0156 0.0203
0 0.2500 212.0 12.0 10.0 13.0
0 0.2500 0.3438 0.0188 0.0156 0.0203
0 0.2500 220.0 12.0 10.0 13.0
0 0.2500 0.3438 0.0188 0.0516 0.0359
0 0.2500 220.0 12.0 33.0 23.0
0 0.2500 0.3562 0.0188 0.0156 0.0203
0 0.2500 228.0 12.0 10.0 13.0
0 0.2500 0.3688 0.0188 0.0156 0.0203
0 0.2500 236.0 12.0 10.0 13.0
0 0.2500 0.3688 0.0188 0.0516 0.0359
0 0.2500 236.0 12.0 33.0 23.0
0 0.2500 0.3812 0.0188 0.0156 0.0203
0 0.2500 244.0 12.0 10.0 13.0
0 0.2500 0.3938 0.0188 0.0156 0.0203
0 0.2500 252.0 12.0 10.0 13.0
0 0.2500 0.3938 0.0188 0.0516 0.0359
0 0.2500 252.0 12.0 33.0 23.0
0 0.2500 0.4062 0.0188 0.0156 0.0203
0 0.2500 260.0 12.0 10.0 13.0
0 0.2500 0.4187 0.0188 0.0156 0.0203
0 0.2500 268.0 12.0 10.0 13.0
0 0.2500 0.4187 0.0188 0.0516 0.0359
0 0.2500 268.0 12.0 33.0 23.0
0 0.2500 0.4313 0.0188 0.0156 0.0203
0 0.2500 276.0 12.0 10.0 13.0
0 0.2500 0.4437 0.0188 0.0156 0.0203
0 0.2500 284.0 12.0 10.0 13.0
0 0.2500 0.4437 0.0188 0.0516 0.0359
0 0.2500 284.0 12.0 33.0 23.0
0 0.2500 0.4563 0.0188 0.0156 0.0203
0 0.2500 292.0 12.0 10.0 13.0
0 0.2500 0.4688 0.0188 0.0156 0.0203
0 0.2500 300.0 12.0 10.0 13.0
0 0.2500 0.4688 0.0188 0.0516 0.0359
0 0.2500 300.0 12.0 33.0 23.0
0 0.2500 0.4812 0.0188 0.0156 0.0203
0 0.2500 308.0 12.0 10.0 13.0
0 0.2500 0.4938 0.0188 0.0156 0.0203
0 0.2500 316.0 12.0 10.0 13.0
0 0.2500 0.4938 0.0188 0.0516 0.0359
0 0.2500 316.0 12.0 33.0 23.0
0 0.2500 0.5063 0.0188 0.0156 0.0203
0 0.2500 324.0 12.0 10.0 13.0
0 0.2500 0.5188 0.0188 0.0156 0.0203
0 0.2500 332.0 12.0 10.0 13.0
0 0.2500 0.5188 0.0188 0.0516 0.0359
0 0.2500 332.0 12.0 33.0 23.0
0 0.2500 0.5312 0.0188 0.0156 0.0203
0 0.2500 340.0 12.0 10.0 13.0
0 0.2500 0.5437 0.0188 0.0156 0.0203
0 0.2500 348.0 12.0 10.0 13.0
0 0.2500 0.5437 0.0188 0.0516 0.0359
0 0.2500 348.0 12.0 33.0 23.0
0 0.2500 0.5562 0.0188 0.0156 0.0203
0 0.2500 356.0 12.0 10.0 13.0
0 0.2500 0.5688 0.0188 0.0156 0.0203
0 0.2500 364.0 12.0 10.0 13.0
0 0.2500 0.5688 0.0188 0.0516 0.0359
0 0.2500 364.0 12.0 33.0 23.0
0 0.2500 0.5813 0.0188 0.0156 0.0203
0 0.2500 372.0 12.0 10.0 13.0
0 0.2500 0.5938 0.0188 0.0156 0.0203
0 0.2500 380.0 12.0 10.0 13.0
0 0.2500 0.5938 0.0188 0.0516 0.0359
0 0.2500 380.0 12.0 33.0 23.0
0 0.2500 0.6062 0.0188 0.0156 0.0203
0 0.2500 388.0 12.0 10.0 13.0
0 0.2500 0.6187 0.0188 0.0156 0.0203
0 0.2500 396.0 12.0 10.0 13.0
0 0.2500 0.6187 0.0188 0.0516 0.0359
0 0.2500 396.0 12.0 33.0 23.0
0 0.2500 0.6313 0.0188 0.0156 0.0203
0 0.2500 404.0 12.0 10.0 13.0
0 0.2500 0.6438 0.0188 0.0156 0.0203
0 0.2500 412.0 12.0 10.0 13.0
0 0.2500 0.6438 0.0188 0.0516 0.0359
0 0.2500 412.0 12.0 33.0 23.0
0 0.2500 0.6562 0.0188 0.0156 0.0203
0 0.2500 420.0 12.0 10.0 13.0
0 0.2500 0.6687 0.0188 0.0156 0.0203
0 0.2500 428.0 12.0 10.0 13.0
0 0.2500 0.6687 0.0188 0.0516 0.0359
0 0.2500 428.0 12.0 33.0 23.0
0 0.2500 0.6812 0.0188 0.0156 0.0203
0 0.2500 436.0 12.0 10.0 13.0
0 0.2500 0.6938 0.0188 0.0156 0.0203
0 0.2500 444.0 12.0 10.0 13.0
0 0.2500 0.6938 0.0188 0.0516 0.0359
0 0.2500 444.0 12.0 33.0 23.0
0 0.2500 0.7063 0.0188 0.0156 0.0203
0 0.2500 452.0 12.0 10.0 13.0
0 0.2500 0.7188 0.0188 0.0156 0.0203
0 0.2500 460.0 12.0 10.0 13.0
0 0.2500 0.7188 0.0188 0.0516 0.0359
0 0.2500 460.0 12.0 33.0 23.0
0 0.2500 0.7312 0.0188 0.0156 0.0203
0 0.2500 468.0 12.0 10.0 13.0
0 0.2500 0.7437 0.0188 0.0156 0.0203
0 0.2500 476.0 12.0 10.0 13.0
0 0.2500 0.7437 0.0188 0.0516 0.0359
0 0.2500 476.0 12.0 33.0 23.0
0 0.2500 0.7563 0.0188 0.0156 0.0203
0 0.2500 484.0 12.0 10.0 13.0
0 0.2500 0.7688 0.0188 0.0156 0.0203
0 0.2500 492.0 12.0 10.0 13.0
0 0.2500 0.7688 0.0188 0.0516 0.0359
0 0.2500 492.0 12.0 33.0 23.0
0 0.2500 0.7812 0.0188 0.0156 0.0203
0 0.2500 500.0 12.0 10.0 13.0
0 0.2500 0.7937 0.0188 0.0156 0.0203
0 0.2500 508.0 12.0 10.0 13.0
0 0.2500 0.7937 0.0188 0.0516 0.0359
0 0.2500 508.0 12.0 33.0 23.0
0 0.2500 0.8062 0.0188 0.0156 0.0203
0 0.2500 516.0 12.0 10.0 13.0
0 0.2500 0.8188 0.0188 0.0156 0.0203
0 0.2500 524.0 12.0 10.0 13.0
0 0.2500 0.8188 0.0188 0.0516 0.0359
0 0.2500 524.0 12.0 33.0 23.0
0 0.2500 0.8313 0.0188 0.0156 0.0203
0 0.2500 532.0 12.0 10.0 13.0
0 0.2500 0.8438 0.0188 0.0156 0.0203
0 0.2500 540.0 12.0 10.0 13.0
0 0.2500 0.8438 0.0188 0.0516 0.0359
0 0.2500 540.0 12.0 33.0 23.0
0 0.2500 0.8562 0.0188 0.0156 0.0203
0 0.2500 548.0 12.0 10.0 13.0
0 0.2500 0.8687 0.0188 0.0156 0.0203
0 0.2500 556.0 12.0 10.0 13.0
0 0.2500 0.8687 0.0188 0.0516 0.0359
0 0.2500 556.0 12.0 33.0 23.0
0 0.2500 0.8813 0.0188 0.0156 0.0203
0 0.2500 564.0 12.0 10.0 13.0
0 0.2500 0.8938 0.0188 0.0156 0.0203
0 0.2500 572.0 12.0 10.0 13.0
0 0.2500 0.8938 0.0188 0.0516 0.0359
0 0.2500 572.0 12.0 33.0 23.0
0 0.2500 0.9062 0.0188 0.0156 0.0203
0 0.2500 580.0 12.0 10.0 13.0
0 0.2500 0.9187 0.0188 0.0156 0.0203
0 0.2500 588.0 12.0 10.0 13.0
0 0.2500 0.9187 0.0188 0.0516 0.0359
0 0.2500 588.0 12.0 33.0 23.0
0 0.2500 0.9312 0.0188 0.0156 0.0203
0 0.2500 596.0 12.0 10.0 13.0
0 0.2500 0.9438 0.0188 0.0156 0.0203
0 0.2500 604.0 12.0 10.0 13.0
0 0.2500 0.9438 0.0188 0.0516 0.0359
0 0.2500 604.0 12.0 33.0 23.0
0 0.2500 0.9563 0.0188 0.0156 0.0203
0 0.2500 612.0 12.0 10.0 13.0
0 0.2500 0.9688 0.0188 0.0156 0.0203
0 0.2500 620.0 12.0 10.0 13.0
0 0.2500 0.9688 0.0188 0.0516 0.0359
0 0.2500 620.0 12.0 33.0 23.0
0 0.2500 0.9812 0.0188 0.0156 0.0203
0 0.2500 628.0 12.0 10.0 13.0
0 0.2500 0.9937 0.0188 0.0156 0.0203
0 0.2500 636.0 12.0 10.0 13.0
0 0.2500 0.9937 0.0188 0.0516 0.0359
0 0.2500 636.0 12.0 33.0 23.0
0 0.2500 0.0063 0.0312 0.0156 0.0203
0 0.2500 4.0 20.0 10.0 13.0
0 0.2500 0.0063 0.0312 0.0250 0.0469
0 0.2500 4.0 20.0 16.0 30.0
0 0.2500 0.0063 0.0312 0.0516 0.0359
0 0.2500 4.0 20.0 33.0 23.0
0 0.2500 0.0188 0.0312 0.0156 0.0203
0 0.2500 12.0 20.0 10.0 13.0
0 0.2500 0.0188 0.0312 0.0250 0.0469
0 0.2500 12.0 20.0 16.0 30.0
0 0.2500 0.0312 0.0312 0.0156 0.0203
0 0.2500 20.0 20.0 10.0 13.0
0 0.2500 0.0312 0.0312 0.0250 0.0469
0 0.2500 20.0 20.0 16.0 30.0
0 0.2500 0.0312 0.0312 0.0516 0.0359
0 0.2500 20.0 20.0 33.0 23.0
0 0.2500 0.0437 0.0312 0.0156 0.0203
0 0.2500 28.0 20.0 10.0 13.0
0 0.2500 0.0437 0.0312 0.0250 0.0469
0 0.2500 28.0 20.0 16.0 30.0
0 0.2500 0.0562 0.0312 0.0156 0.0203
0 0.2500 36.0 20.0 10.0 13.0
0 0.2500 0.0562 0.0312 0.0250 0.0469
0 0.2500 36.0 20.0 16.0 30.0
0 0.2500 0.0562 0.0312 0.0516 0.0359
0 0.2500 36.0 20.0 33.0 23.0
0 0.2500 0.0688 0.0312 0.0156 0.0203
0 0.2500 44.0 20.0 10.0 13.0
0 0.2500 0.0688 0.0312 0.0250 0.0469
0 0.2500 44.0 20.0 16.0 30.0
0 0.2500 0.0812 0.0312 0.0156 0.0203
0 0.2500 52.0 20.0 10.0 13.0
0 0.2500 0.0812 0.0312 0.0250 0.0469
0 0.2500 52.0 20.0 16.0 30.0
0 0.2500 0.0812 0.0312 0.0516 0.0359
0 0.2500 52.0 20.0 33.0 23.0
0 0.2500 0.0938 0.0312 0.0156 0.0203
0 0.2500 60.0 20.0 10.0 13.0
0 0.2500 0.0938 0.0312 0.0250 0.0469
0 0.2500 60.0 20.0 16.0 30.0
0 0.2500 0.1063 0.0312 0.0156 0.0203
0 0.2500 68.0 20.0 10.0 13.0
0 0.2500 0.1063 0.0312 0.0250 0.0469
0 0.2500 68.0 20.0 16.0 30.0
0 0.2500 0.1063 0.0312 0.0516 0.0359
0 0.2500 68.0 20.0 33.0 23.0
0 0.2500 0.1187 0.0312 0.0156 0.0203
0 0.2500 76.0 20.0 10.0 13.0
0 0.2500 0.1187 0.0312 0.0250 0.0469
0 0.2500 76.0 20.0 16.0 30.0
0 0.2500 0.1312 0.0312 0.0156 0.0203
0 0.2500 84.0 20.0 10.0 13.0
0 0.2500 0.1312 0.0312 0.0250 0.0469
0 0.2500 84.0 20.0 16.0 30.0
0 0.2500 0.1312 0.0312 0.0516 0.0359
0 0.2500 84.0 20.0 33.0 23.0
0 0.2500 0.1437 0.0312 0.0156 0.0203
0 0.2500 92.0 20.0 10.0 13.0
0 0.2500 0.1437 0.0312 0.0250 0.0469
0 0.2500 92.0 20.0 16.0 30.0
0 0.2500 0.1562 0.0312 0.0156 0.0203
0 0.2500 100.0 20.0 10.0 13.0
0 0.2500 0.1562 0.0312 0.0250 0.0469
0 0.2500 100.0 20.0 16.0 30.0
0 0.2500 0.1562 0.0312 0.0516 0.0359
0 0.2500 100.0 20.0 33.0 23.0
0 0.2500 0.1688 0.0312 0.0156 0.0203
0 0.2500 108.0 20.0 10.0 13.0
0 0.2500 0.1688 0.0312 0.0250 0.0469
0 0.2500 108.0 20.0 16.0 30.0
0 0.2500 0.1813 0.0312 0.0156 0.0203
0 0.2500 116.0 20.0 10.0 13.0
0 0.2500 0.1813 0.0312 0.0250 0.0469
0 0.2500 116.0 20.0 16.0 30.0
0 0.2500 0.1813 0.0312 0.0516 0.0359
0 0.2500 116.0 20.0 33.0 23.0
0 0.2500 0.1937 0.0312 0.0156 0.0203
0 0.2500 124.0 20.0 10.0 13.0
0 0.2500 0.1937 0.0312 0.0250 0.0469
0 0.2500 124.0 20.0 16.0 30.0
0 0.2500 0.2062 0.0312 0.0156 0.0203
0 0.2500 132.0 20.0 10.0 13.0
0 0.2500 0.2062 0.0312 0.0250 0.0469
0 0.2500 132.0 20.0 16.0 30.0
0 0.2500 0.2062 0.0312 0.0516 0.0359
0 0.2500 132.0 20.0 33.0 23.0
0 0.2500 0.2188 0.0312 0.0156 0.0203
0 0.2500 140.0 20.0 10.0 13.0
0 0.2500 0.2188 0.0312 0.0250 0.0469
0 0.2500 140.0 20.0 16.0 30.0
0 0.2500 0.2313 0.0312 0.0156 0.0203
0 0.2500 148.0 20.0 10.0 13.0
0 0.2500 0.2313 0.0312 0.0250 0.0469
0 0.2500 148.0 20.0 16.0 30.0
0 0.2500 0.2313 0.0312 0.0516 0.0359
0 0.2500 148.0 20.0 33.0 23.0
0 0.2500 0.2438 0.0312 0.0156 0.0203
0 0.2500 156.0 20.0 10.0 13.0
0 0.2500 0.2438 0.0312 0.0250 0.0469
0 0.2500 156.0 20.0 16.0 30.0
0 0.2500 0.2562 0.0312 0.0156 0.0203
0 0.2500 164.0 20.0 10.0 13.0
0 0.2500 0.2562 0.0312 0.0250 0.0469
0 0.2500 164.0 20.0 16.0 30.0
0 0.2500 0.2562 0.0312 0.0516 0.0359
0 0.2500 164.0 20.0 33.0 23.0
0 0.2500 0.2688 0.0312 0.0156 0.0203
0 0.2500 172.0 20.0 10.0 13.0
0 0.2500 0.2688 0.0312 0.0250 0.0469
0 0.2500 172.0 20.0 16.0 30.0
0 0.2500 0.2812 0.0312 0.0156 0.0203
0 0.2500 180.0 20.0 10.0 13.0
0 0.2500 0.2812 0.0312 0.0250 0.0469
0 0.2500 180.0 20.0 16.0 30.0
0 0.2500 0.2812 0.0312 0.0516 0.0359
0 0.2500 180.0 20.0 33.0 23.0
0 0.2500 0.2937 0.0312 0.0156 0.0203
0 0.2500 188.0 20.0 10.0 13.0
0 0.2500 0.2937 0.0312 0.0250 0.0469
0 0.2500 188.0 20.0 16.0 30.0
0 0.2500 0.3063 0.0312 0.0156 0.0203
0 0.2500 196.0 20.0 10.0 13.0
0 0.2500 0.3063 0.0312 0.0250 0.0469
0 0.2500 196.0 20.0 16.0 30.0
0 0.2500 0.3063 0.0312 0.0516 0.0359
0 0.2500 196.0 20.0 33.0 23.0
0 0.2500 0.3187 0.0312 0.0156 0.0203
0 0.2500 204.0 20.0 10.0 13.0
0 0.2500 0.3187 0.0312 0.0250 0.0469
0 0.2500 204.0 20.0 16.0 30.0
0 0.2500 0.3313 0.0312 0.0156 0.0203
0 0.2500 212.0 20.0 10.0 13.0
0 0.2500 0.3313 0.0312 0.0250 0.0469
0 0.2500 212.0 20.0 16.0 30.0
0 0.2500 0.3313 0.0312 0.0516 0.0359
0 0.2500 212.0 20.0 33.0 23.0
0 0.2500 0.3438 0.0312 0.0156 0.0203
0 0.2500 220.0 20.0 10.0 13.0
0 0.2500 0.3438 0.0312 0.0250 0.0469
0 0.2500 220.0 20.0 16.0 30.0
0 0.2500 0.3562 0.0312 0.0156 0.0203
0 0.2500 228.0 20.0 10.0 13.0
0 0.2500 0.3562 0.0312 0.0250 0.0469
0 0.2500 228.0 20.0 16.0 30.0
0 0.2500 0.3562 0.0312 0.0516 0.0359
0 0.2500 228.0 20.0 33.0 23.0
0 0.2500 0.3688 0.0312 0.0156 0.0203
0 0.2500 236.0 20.0 10.0 13.0
0 0.2500 0.3688 0.0312 0.0250 0.0469
0 0.2500 236.0 20.0 16.0 30.0
0 0.2500 0.3812 0.0312 0.0156 0.0203
0 0.2500 244.0 20.0 10.0 13.0
0 0.2500 0.3812 0.0312 0.0250 0.0469
0 0.2500 244.0 20.0 16.0 30.0
0 0.2500 0.3812 0.0312 0.0516 0.0359
0 0.2500 244.0 20.0 33.0 23.0
0 0.2500 0.3938 0.0312 0.0156 0.0203
0 0.2500 252.0 20.0 10.0 13.0
0 0.2500 0.3938 0.0312 0.0250 0.0469
0 0.2500 252.0 20.0 16.0 30.0
0 0.2500 0.4062 0.0312 0.0156 0.0203
0 0.2500 260.0 20.0 10.0 13.0
0 0.2500 0.4062 0.0312 0.0250 0.0469
0 0.2500 260.0 20.0 16.0 30.0
0 0.2500 0.4062 0.0312 0.0516 0.0359
0 0.2500 260.0 20.0 33.0 23.0
0 0.2500 0.4187 0.0312 0.0156 0.0203
0 0.2500 268.0 20.0 10.0 13.0
0 0.2500 0.4187 0.0312 0.0250 0.0469
0 0.2500 268.0 20.0 16.0 30.0
0 0.2500 0.4313 0.0312 0.0156 0.0203
0 0.2500 276.0 20.0 10.0 13.0
0 0.2500 0.4313 0.0312 0.0250 0.0469
0 0.2500 276.0 20.0 16.0 30.0
0 0.2500 0.4313 0.0312 0.0516 0.0359
0 0.2500 276.0 20.0 33.0 23.0
0 0.2500 0.4437 0.0312 0.0156 0.0203
0 0.2500 284.0 20.0 10.0 13.0
0 0.2500 0.4437 0.0312 0.0250 0.0469
0 0.2500 284.0 20.0 16.0 30.0
0 0.2500 0.4563 0.0312 0.0156 0.0203
0 0.2500 292.0 20.0 10.0 13.0
0 0.2500 0.4563 0.0312 0.0250 0.0469
0 0.2500 292.0 20.0 16.0 30.0
0 0.2500 0.4563 0.0312 0.0516 0.0359
0 0.2500 292.0 20.0 33.0 23.0
0 0.2500 0.4688 0.0312 0.0156 0.0203
0 0.2500 300.0 20.0 10.0 13.0
0 0.2500 0.4688 0.0312 0.0250 0.0469
0 0.2500 300.0 20.0 16.0 30.0
0 0.2500 0.4812 0.0312 0.0156 0.0203
0 0.2500 308.0 20.0 10.0 13.0
0 0.2500 0.4812 0.0312 0.0250 0.0469
0 0.2500 308.0 20.0 16.0 30.0
0 0.2500 0.4812 0.0312 0.0516 0.0359
0 0.2500 308.0 20.0 33.0 23.0
0 0.2500 0.4938 0.0312 0.0156 0.0203
0 0.2500 316.0 20.0 10.0 13.0
0 0.2500 0.4938 0.0312 0.0250 0.0469
0 0.2500 316.0 20.0 16.0 30.0
0 0.2500 0.5063 0.0312 0.0156 0.0203
0 0.2500 324.0 20.0 10.0 13.0
0 0.2500 0.5063 0.0312 0.0250 0.0469
0 0.2500 324.0 20.0 16.0 30.0
0 0.2500 0.5063 0.0312 0.0516 0.0359
0 0.2500 324.0 20.0 33.0 23.0
0 0.2500 0.5188 0.0312 0.0156 0.0203
0 0.2500 332.0 20.0 10.0 13.0
0 0.2500 0.5188 0.0312 0.0250 0.0469
0 0.2500 332.0 20.0 16.0 30.0
0 0.2500 0.5312 0.0312 0.0156 0.0203
0 0.2500 340.0 20.0 10.0 13.0
0 0.2500 0.5312 0.0312 0.0250 0.0469
0 0.2500 340.0 20.0 16.0 30.0
0 0.2500 0.5312 0.0312 0.0516 0.0359
0 0.2500 340.0 20.0 33.0 23.0
0 0.2500 0.5437 0.0312 0.0156 0.0203
0 0.2500 348.0 20.0 10.0 13.0
0 0.2500 0.5437 0.0312 0.0250 0.0469
0 0.2500 348.0 20.0 16.0 30.0
0 0.2500 0.5562 0.0312 0.0156 0.0203
0 0.2500 356.0 20.0 10.0 13.0
0 0.2500 0.5562 0.0312 0.0250 0.0469
0 0.2500 356.0 20.0 16.0 30.0
0 0.2500 0.5562 0.0312 0.0516 0.0359
0 0.2500 356.0 20.0 33.0 23.0
0 0.2500 0.5688 0.0312 0.0156 0.0203
0 0.2500 364.0 20.0 10.0 13.0
0 0.2500 0.5688 0.0312 0.0250 0.0469
0 0.2500 364.0 20.0 16.0 30.0
0 0.2500 0.5813 0.0312 0.0156 0.0203
0 0.2500 372.0 20.0 10.0 13.0
0 0.2500 0.5813 0.0312 0.0250 0.0469
0 0.2500 372.0 20.0 16.0 30.0
0 0.2500 0.5813 0.0312 0.0516 0.0359
0 0.2500 372.0 20.0 33.0 23.0
0 0.2500 0.5938 0.0312 0.0156 0.0203
0 0.2500 380.0 20.0 10.0 13.0
0 0.2500 0.5938 0.0312 0.0250 0.0469
0 0.2500 380.0 20.0 16.0 30.0
0 0.2500 0.6062 0.0312 0.0156 0.0203
0 0.2500 388.0 20.0 10.0 13.0
0 0.2500 0.6062 0.0312 0.0250 0.0469
0 0.2500 388.0 20.0 16.0 30.0
0 0.2500 0.6062 0.0312 0.0516 0.0359
0 0.2500 388.0 20.0 33.0 23.0
0 0.2500 0.6187 0.0312 0.0156 0.0203
0 0.2500 396.0 20.0 10.0 13.0
0 0.2500 0.6187 0.0312 0.0250 0.0469
0 0.2500 396.0 20.0 16.0 30.0
0 0.2500 0.6313 0.0312 0.0156 0.0203
0 0.2500 404.0 20.0 10.0 13.0
0 0.2500 0.6313 0.0312 0.0250 0.0469
0 0.2500 404.0 20.0 16.0 30.0
0 0.2500 0.6313 0.0312 0.0516 0.0359
0 0.2500 404.0 20.0 33.0 23.0
0 0.2500 0.6438 0.0312 0.0156 0.0203
0 0.2500 412.0 20.0 10.0 13.0
0 0.2500 0.6438 0.0312 0.0250 0.0469
0 0.2500 412.0 20.0 16.0 30.0
0 0.2500 0.6562 0.0312 0.0156 0.0203
0 0.2500 420.0 20.0 10.0 13.0
0 0.2500 0.6562 0.0312 0.0250 0.0469
0 0.2500 420.0 20.0 16.0 30.0
0 0.2500 0.6562 0.0312 0.0516 0.0359
0 0.2500 420.0 20.0 33.0 23.0
0 0.2500 0.6687 0.0312 0.0156 0.0203
0 0.2500 428.0 20.0 10.0 13.0
0 0.2500 0.6687 0.0312 0.0250 0.0469
0 0.2500 428.0 20.0 16.0 30.0
0 0.2500 0.6812 0.0312 0.0156 0.0203
0 0.2500 436.0 20.0 10.0 13.0
0 0.2500 0.6812 0.0312 0.0250 0.0469
0 0.2500 436.0 20.0 16.0 30.0
0 0.2500 0.6812 0.0312 0.0516 0.0359
0 0.2500 436.0 20.0 33.0 23.0
0 0.2500 0.6938 0.0312 0.0156 0.0203
0 0.2500 444.0 20.0 10.0 13.0
0 0.2500 0.6938 0.0312 0.0250 0.0469
0 0.2500 444.0 20.0 16.0 30.0
0 0.2500 0.7063 0.0312 0.0156 0.0203
0 0.2500 452.0 20.0 10.0 13.0
0 0.2500 0.7063 0.0312 0.0250 0.0469
0 0.2500 452.0 20.0 16.0 30.0
0 0.2500 0.7063 0.0312 0.0516 0.0359
0 0.2500 452.0 20.0 33.0 23.0
0 0.2500 0.7188 0.0312 0.0156 0.0203
0 0.2500 460.0 20.0 10.0 13.0
0 0.2500 0.7188 0.0312 0.0250 0.0469
0 0.2500 460.0 20.0 16.0 30.0
0 0.2500 0.7312 0.0312 0.0156 0.0203
0 0.2500 468.0 20.0 10.0 13.0
0 0.2500 0.7312 0.0312 0.0250 0.0469
0 0.2500 468.0 20.0 16.0 30.0
0 0.2500 0.7312 0.0312 0.0516 0.0359
0 0.2500 468.0 20.0 33.0 23.0
0 0.2500 0.7437 0.0312 0.0156 0.0203
0 0.2500 476.0 20.0 10.0 13.0
0 0.2500 0.7437 0.0312 0.0250 0.0469
0 0.2500 476.0 20.0 16.0 30.0
0 0.2500 0.7563 0.0312 0.0156 0.0203
0 0.2500 484.0 20.0 10.0 13.0
0 0.2500 0.7563 0.0312 0.0250 0.0469
0 0.2500 484.0 20.0 16.0 30.0
0 0.2500 0.7563 0.0312 0.0516 0.0359
0 0.2500 484.0 20.0 33.0 23.0
0 0.2500 0.7688 0.0312 0.0156 0.0203
0 0.2500 492.0 20.0 10.0 13.0
0 0.2500 0.7688 0.0312 0.0250 0.0469
0 0.2500 492.0 20.0 16.0 30.0
0 0.2500 0.7812 0.0312 0.0156 0.0203
0 0.2500 500.0 20.0 10.0 13.0
0 0.2500 0.7812 0.0312 0.0250 0.0469
0 0.2500 500.0 20.0 16.0 30.0
0 0.2500 0.7812 0.0312 0.0516 0.0359
0 0.2500 500.0 20.0 33.0 23.0
0 0.2500 0.7937 0.0312 0.0156 0.0203
0 0.2500 508.0 20.0 10.0 13.0
0 0.2500 0.7937 0.0312 0.0250 0.0469
0 0.2500 508.0 20.0 16.0 30.0
0 0.2500 0.8062 0.0312 0.0156 0.0203
0 0.2500 516.0 20.0 10.0 13.0
0 0.2500 0.8062 0.0312 0.0250 0.0469
0 0.2500 516.0 20.0 16.0 30.0
0 0.2500 0.8062 0.0312 0.0516 0.0359
0 0.2500 516.0 20.0 33.0 23.0
0 0.2500 0.8188 0.0312 0.0156 0.0203
0 0.2500 524.0 20.0 10.0 13.0
0 0.2500 0.8188 0.0312 0.0250 0.0469
0 0.2500 524.0 20.0 16.0 30.0
0 0.2500 0.8313 0.0312 0.0156 0.0203
0 0.2500 532.0 20.0 10.0 13.0
0 0.2500 0.8313 0.0312 0.0250 0.0469
0 0.2500 532.0 20.0 16.0 30.0
0 0.2500 0.8313 0.0312 0.0516 0.0359
0 0.2500 532.0 20.0 33.0 23.0
0 0.2500 0.8438 0.0312 0.0156 0.0203
0 0.2500 540.0 20.0 10.0 13.0
0 0.2500 0.8438 0.0312 0.0250 0.0469
0 0.2500 540.0 20.0 16.0 30.0
0 0.2500 0.8562 0.0312 0.0156 0.0203
0 0.2500 548.0 20.0 10.0 13.0
0 0.2500 0.8562 0.0312 0.0250 0.0469
0 0.2500 548.0 20.0 16.0 30.0
0 0.2500 0.8562 0.0312 0.0516 0.0359
0 0.2500 548.0 20.0 33.0 23.0
0 0.2500 0.8687 0.0312 0.0156 0.0203
0 0.2500 556.0 20.0 10.0 13.0
0 0.2500 0.8687 0.0312 0.0250 0.0469
0 0.2500 556.0 20.0 16.0 30.0
0 0.2500 0.8813 0.0312 0.0156 0.0203
0 0.2500 564.0 20.0 10.0 13.0
0 0.2500 0.8813 0.0312 0.0250 0.0469
0 0.2500 564.0 20.0 16.0 30.0
0 0.2500 0.8813 0.0312 0.0516 0.0359
0 0.2500 564.0 20.0 33.0 23.0
0 0.2500 0.8938 0.0312 0.0156 0.0203
0 0.2500 572.0 20.0 10.0 13.0
0 0.2500 0.8938 0.0312 0.0250 0.0469
0 0.2500 572.0 20.0 16.0 30.0
0 0.2500 0.9062 0.0312 0.0156 0.0203
0 0.2500 580.0 20.0 10.0 13.0
0 0.2500 0.9062 0.0312 0.0250 0.0469
0 0.2500 580.0 20.0 16.0 30.0
0 0.2500 0.9062 0.0312 0.0516 0.0359
0 0.2500 580.0 20.0 33.0 23.0
0 0.2500 0.9187 0.0312 0.0156 0.0203
0 0.2500 588.0 20.0 10.0 13.0
0 0.2500 0.9187 0.0312 0.0250 0.0469
0 0.2500 588.0 20.0 16.0 30.0
0 0.2500 0.9312 0.0312 0.0156 0.0203
0 0.2500 596.0 20.0 10.0 13.0
0 0.2500 0.9312 0.0312 0.0250 0.0469
0 0.2500 596.0 20.0 16.0 30.0
0 0.2500 0.9312 0.0312 0.0516 0.0359
0 0.2500 596.0 20.0 33.0 23.0
0 0.2500 0.9438 0.0312 0.0156 0.0203
0 0.2500 604.0 20.0 10.0 13.0
0 0.2500 0.9438 0.0312 0.0250 0.0469
0 0.2500 604.0 20.0 16.0 30.0
0 0.2500 0.9563 0.0312 0.0156 0.0203
0 0.2500 612.0 20.0 10.0 13.0
0 0.2500 0.9563 0.0312 0.0250 0.0469
0 0.2500 612.0 20.0 16.0 30.0
0 0.2500 0.9563 0.0312 0.0516 0.0359
0 0.2500 612.0 20.0 33.0 23.0
0 0.2500 0.9688 0.0312 0.0156 0.0203
0 0.2500 620.0 20.0 10.0 13.0
0 0.2500 0.9688 0.0312 0.0250 0.0469
0 0.2500 620.0 20.0 16.0 30.0
0 0.2500 0.9812 0.0312 0.0156 0.0203
0 0.2500 628.0 20.0 10.0 13.0
0 0.2500 0.9812 0.0312 0.0250 0.0469
0 0.2500 628.0 20.0 16.0 30.0
0 0.2500 0.9812 0.0312 0.0516 0.0359
0 0.2500 628.0 20.0 33.0 23.0
0 0.2500 0.9937 0.0312 0.0156 0.0203
0 0.2500 636.0 20.0 10.0 13.0
0 0.2500 0.9937 0.0312 0.0250 0.0469
0 0.2500 636.0 20.0 16.0 30.0
0 0.2500 0.0063 0.0437 0.0156 0.0203
0 0.2500 4.0 28.0 10.0 13.0
0 0.2500 0.0188 0.0437 0.0156 0.0203
0 0.2500 12.0 28.0 10.0 13.0
0 0.2500 0.0188 0.0437 0.0516 0.0359
0 0.2500 12.0 28.0 33.0 23.0
0 0.2500 0.0312 0.0437 0.0156 0.0203
0 0.2500 20.0 28.0 10.0 13.0
0 0.2500 0.0437 0.0437 0.0156 0.0203
0 0.2500 28.0 28.0 10.0 13.0
0 0.2500 0.0437 0.0437 0.0516 0.0359
0 0.2500 28.0 28.0 33.0 23.0
0 0.2500 0.0562 0.0437 0.0156 0.0203
0 0.2500 36.0 28.0 10.0 13.0
0 0.2500 0.0688 0.0437 0.0156 0.0203
0 0.2500 44.0 28.0 10.0 13.0
0 0.2500 0.0688 0.0437 0.0516 0.0359
0 0.2500 44.0 28.0 33.0 23.0
0 0.2500 0.0812 0.0437 0.0156 0.0203
0 0.2500 52.0 28.0 10.0 13.0
0 0.2500 0.0938 0.0437 0.0156 0.0203
0 0.2500 60.0 28.0 10.0 13.0
0 0.2500 0.0938 0.0437 0.0516 0.0359
0 0.2500 60.0 28.0 33.0 23.0
0 0.2500 0.1063 0.0437 0.0156 0.0203
0 0.2500 68.0 28.0 10.0 13.0
0 0.2500 0.1187 0.0437 0.0156 0.0203
0 0.2500 76.0 28.0 10.0 13.0
0 0.2500 0.1187 0.0437 0.0516 0.0359
0 0.2500 76.0 28.0 33.0 23.0
0 0.2500 0.1312 0.0437 0.0156 0.0203
0 0.2500 84.0 28.0 10.0 13.0
0 0.2500 0.1437 0.0437 0.0156 0.0203
0 0.2500 92.0 28.0 10.0 13.0
0 0.2500 0.1437 0.0437 0.0516 0.0359
0 0.2500 92.0 28.0 33.0 23.0
0 0.2500 0.1562 0.0437 0.0156 0.0203
0 0.2500 100.0 28.0 10.0 13.0
0 0.2500 0.1688 0.0437 0.0156 0.0203
0 0.2500 108.0 28.0 10.0 13.0
0 0.2500 0.1688 0.0437 0.0516 0.0359
0 0.2500 108.0 28.0 33.0 23.0
0 0.2500 0.1813 0.0437 0.0156 0.0203
0 0.2500 116.0 28.0 10.0 13.0
0 0.2500 0.1937 0.0437 0.0156 0.0203
0 0.2500 124.0 28.0 10.0 13.0
0 0.2500 0.1937 0.0437 0.0516 0.0359
0 0.2500 124.0 28.0 33.0 23.0
0 0.2500 0.2062 0.0437 0.0156 0.0203
0 0.2500 132.0 28.0 10.0 13.0
0 0.2500 0.2188 0.0437 0.0156 0.0203
0 0.2500 140.0 28.0 10.0 13.0
0 0.2500 0.2188 0.0437 0.0516 0.0359
0 0.2500 140.0 28.0 33.0 23.0
0 0.2500 0.2313 0.0437 0.0156 0.0203
0 0.2500 148.0 28.0 10.0 13.0
0 0.2500 0.2438 0.0437 0.0156 0.0203
0 0.2500 156.0 28.0 10.0 13.0
0 0.2500 0.2438 0.0437 0.0516 0.0359
0 0.2500 156.0 28.0 33.0 23.0
0 0.2500 0.2562 0.0437 0.0156 0.0203
0 0.2500 164.0 28.0 10.0 13.0
0 0.2500 0.2688 0.0437 0.0156 0.0203
0 0.2500 172.0 28.0 10.0 13.0
0 0.2500 0.2688 0.0437 0.0516 0.0359
0 0.2500 172.0 28.0 33.0 23.0
0 0.2500 0.2812 0.0437 0.0156 0.0203
0 0.2500 180.0 28.0 10.0 13.0
0 0.2500 0.2937 0.0437 0.0156 0.0203
0 0.2500 188.0 28.0 10.0 13.0
0 0.2500 0.2937 0.0437 0.0516 0.0359
0 0.2500 188.0 28.0 33.0 23.0
0 0.2500 0.3063 0.0437 0.0156 0.0203
0 0.2500 196.0 28.0 10.0 13.0
0 0.2500 0.3187 0.0437 0.0156 0.0203
0 0.2500 204.0 28.0 10.0 13.0
0 0.2500 0.3187 0.0437 0.0516 0.0359
0 0.2500 204.0 28.0 33.0 23.0
0 0.2500 0.3313 0.0437 0.0156 0.0203
0 0.2500 212.0 28.0 10.0 13.0
0 0.2500 0.3438 0.0437 0.0156 0.0203
0 0.2500 220.0 28.0 10.0 13.0
0 0.2500 0.3438 0.0437 0.0516 0.0359
0 0.2500 220.0 28.0 33.0 23.0
0 0.2500 0.3562 0.0437 0.0156 0.0203
0 0.2500 228.0 28.0 10.0 13.0
0 0.2500 0.3688 0.0437 0.0156 0.0203
0 0.2500 236.0 28.0 10.0 13.0
0 0.2500 0.3688 0.0437 0.0516 0.0359
0 0.2500 236.0 28.0 33.0 23.0
0 0.2500 0.3812 0.0437 0.0156 0.0203
0 0.2500 244.0 28.0 10.0 13.0
0 0.2500 0.3938 0.0437 0.0156 0.0203
0 0.2500 252.0 28.0 10.0 13.0
0 0.2500 0.3938 0.0437 0.0516 0.0359
0 0.2500 252.0 28.0 33.0 23.0
0 0.2500 0.4062 0.0437 0.0156 0.0203
0 0.2500 260.0 28.0 10.0 13.0
0 0.2500 0.4187 0.0437 0.0156 0.0203
0 0.2500 268.0 28.0 10.0 13.0
0 0.2500 0.4187 0.0437 0.0516 0.0359
0 0.2500 268.0 28.0 33.0 23.0
0 0.2500 0.4313 0.0437 0.0156 0.0203
0 0.2500 276.0 28.0 10.0 13.0
0 0.2500 0.4437 0.0437 0.0156 0.0203
0 0.2500 284.0 28.0 10.0 13.0
0 0.2500 0.4437 0.0437 0.0516 0.0359
0 0.2500 284.0 28.0 33.0 23.0
0 0.2500 0.4563 0.0437 0.0156 0.0203
0 0.2500 292.0 28.0 10.0 13.0
0 0.2500 0.4688 0.0437 0.0156 0.0203
0 0.2500 300.0 28.0 10.0 13.0
0 0.2500 0.4688 0.0437 0.0516 0.0359
0 0.2500 300.0 28.0 33.0 23.0
0 0.2500 0.4812 0.0437 0.0156 0.0203
0 0.2500 308.0 28.0 10.0 13.0
0 0.2500 0.4938 0.0437 0.0156 0.0203
0 0.2500 316.0 28.0 10.0 13.0
0 0.2500 0.4938 0.0437 0.0516 0.0359
0 0.2500 316.0 28.0 33.0 23.0
0 0.2500 0.5063 0.0437 0.0156 0.0203
0 0.2500 324.0 28.0 10.0 13.0
0 0.2500 0.5188 0.0437 0.0156 0.0203
0 0.2500 332.0 28.0 10.0 13.0
0 0.2500 0.5188 0.0437 0.0516 0.0359
0 0.2500 332.0 28.0 33.0 23.0
0 0.2500 0.5312 0.0437 0.0156 0.0203
0 0.2500 340.0 28.0 10.0 13.0
0 0.2500 0.5437 0.0437 0.0156 0.0203
0 0.2500 348.0 28.0 10.0 13.0
0 0.2500 0.5437 0.0437 0.0516 0.0359
0 0.2500 348.0 28.0 33.0 23.0
0 0.2500 0.5562 0.0437 0.0156 0.0203
0 0.2500 356.0 28.0 10.0 13.0
0 0.2500 0.5688 0.0437 0.0156 0.0203
0 0.2500 364.0 28.0 10.0 13.0
0 0.2500 0.5688 0.0437 0.0516 0.0359
0 0.2500 364.0 28.0 33.0 23.0
0 0.2500 0.5813 0.0437 0.0156 0.0203
0 0.2500 372.0 28.0 10.0 13.0
0 0.2500 0.5938 0.0437 0.0156 0.0203
0 0.2500 380.0 28.0 10.0 13.0
0 0.2500 0.5938 0.0437 0.0516 0.0359
0 0.2500 380.0 28.0 33.0 23.0
0 0.2500 0.6062 0.0437 0.0156 0.0203
0 0.2500 388.0 28.0 10.0 13.0
0 0.2500 0.6187 0.0437 0.0156 0.0203
0 0.2500 396.0 28.0 10.0 13.0
0 0.2500 0.6187 0.0437 0.0516 0.0359
0 0.2500 396.0 28.0 33.0 23.0
0 0.2500 0.6313 0.0437 0.0156 0.0203
0 0.2500 404.0 28.0 10.0 13.0
0 0.2500 0.6438 0.0437 0.0156 0.0203
0 0.2500 412.0 28.0 10.0 13.0
0 0.2500 0.6438 0.0437 0.0516 0.0359
0 0.2500 412.0 28.0 33.0 23.0
0 0.2500 0.6562 0.0437 0.0156 0.0203
0 0.2500 420.0 28.0 10.0 13.0
0 0.2500 0.6687 0.0437 0.0156 0.0203
0 0.2500 428.0 28.0 10.0 13.0
0 0.2500 0.6687 0.0437 0.0516 0.0359
0 0.2500 428.0 28.0 33.0 23.0
0 0.2500 0.6812 0.0437 0.0156 0.0203
0 0.2500 436.0 28.0 10.0 13.0
0 0.2500 0.6938 0.0437 0.0156 0.0203
0 0.2500 444.0 28.0 10.0 13.0
0 0.2500 0.6938 0.0437 0.0516 0.0359
0 0.2500 444.0 28.0 33.0 23.0
0 0.2500 0.7063 0.0437 0.0156 0.0203
0 0.2500 452.0 28.0 10.0 13.0
0 0.2500 0.7188 0.0437 0.0156 0.0203
0 0.2500 460.0 28.0 10.0 13.0
0 0.2500 0.7188 0.0437 0.0516 0.0359
0 0.2500 460.0 28.0 33.0 23.0
0 0.2500 0.7312 0.0437 0.0156 0.0203
0 0.2500 468.0 28.0 10.0 13.0
0 0.2500 0.7437 0.0437 0.0156 0.0203
0 0.2500 476.0 28.0 10.0 13.0
0 0.2500 0.7437 0.0437 0.0516 0.0359
0 0.2500 476.0 28.0 33.0 23.0
0 0.2500 0.7563 0.0437 0.0156 0.0203
0 0.2500 484.0 28.0 10.0 13.0
0 0.2500 0.7688 0.0437 0.0156 0.0203
0 0.2500 492.0 28.0 10.0 13.0
0 0.2500 0.7688 0.0437 0.0516 0.0359
0 0.2500 492.0 28.0 33.0 23.0
0 0.2500 0.7812 0.0437 0.0156 0.0203
0 0.2500 500.0 28.0 10.0 13.0
0 0.2500 0.7937 0.0437 0.0156 0.0203
0 0.2500 508.0 28.0 10.0 13.0
0 0.2500 0.7937 0.0437 0.0516 0.0359
0 0.2500 508.0 28.0 33.0 23.0
0 0.2500 0.8062 0.0437 0.0156 0.0203
0 0.2500 516.0 28.0 10.0 13.0
0 0.2500 0.8188 0.0437 0.0156 0.0203
0 0.2500 524.0 28.0 10.0 13.0
0 0.2500 0.8188 0.0437 0.0516 0.0359
0 0.2500 524.0 28.0 33.0 23.0
0 0.2500 0.8313 0.0437 0.0156 0.0203
0 0.2500 532.0 28.0 10.0 13.0
0 0.2500 0.8438 0.0437 0.0156 0.0203
0 0.2500 540.0 28.0 10.0 13.0
0 0.2500 0.8438 0.0437 0.0516 0.0359
0 0.2500 540.0 28.0 33.0 23.0
0 0.2500 0.8562 0.0437 0.0156 0.0203
0 0.2500 548.0 28.0 10.0 13.0
0 0.2500 0.8687 0.0437 0.0156 0.0203
0 0.2500 556.0 28.0 10.0 13.0
0 0.2500 0.8687 0.0437 0.0516 0.0359
0 0.2500 556.0 28.0 33.0 23.0
0 0.2500 0.8813 0.0437 0.0156 0.0203
0 0.2500 564.0 28.0 10.0 13.0
0 0.2500 0.8938 0.0437 0.0156 0.0203
0 0.2500 572.0 28.0 10.0 13.0
0 0.2500 0.8938 0.0437 0.0516 0.0359
0 0.2500 572.0 28.0 33.0 23.0
0 0.2500 0.9062 0.0437 0.0156 0.0203
0 0.2500 580.0 28.0 10.0 13.0
0 0.2500 0.9187 0.0437 0.0156 0.0203
0 0.2500 588.0 28.0 10.0 13.0
0 0.2500 0.9187 0.0437 0.0516 0.0359
0 0.2500 588.0 28.0 33.0 23.0
0 0.2500 0.9312 0.0437 0.0156 0.0203
0 0.2500 596.0 28.0 10.0 13.0
0 0.2500 0.9438 0.0437 0.0156 0.0203
0 0.2500 604.0 28.0 10.0 13.0
0 0.2500 0.9438 0.0437 0.0516 0.0359
0 0.2500 604.0 28.0 33.0 23.0
0 0.2500 0.9563 0.0437 0.0156 0.0203
0 0.2500 612.0 28.0 10.0 13.0
0 0.2500 0.9688 0.0437 0.0156 0.0203
0 0.2500 620.0 28.0 10.0 13.0
0 0.2500 0.9688 0.0437 0.0516 0.0359
0 0.2500 620.0 28.0 33.0 23.0
0 0.2500 0.9812 0.0437 0.0156 0.0203
0 0.2500 628.0 28.0 10.0 13.0
0 0.2500 0.9937 0.0437 0.0156 0.0203
0 0.2500 636.0 28.0 10.0 13.0
0 0.2500 0.9937 0.0437 0.0516 0.0359
0 0.2500 636.0 28.0 33.0 23.0
0 0.2500 0.0063 0.0562 0.0156 0.0203
0 0.2500 4.0 36.0 10.0 13.0
0 0.2500 0.0063 0.0562 0.0250 0.0469
0 0.2500 4.0 36.0 16.0 30.0
0 0.2500 0.0063 0.0562 0.0516 0.0359
0 0.2500 4.0 36.0 33.0 23.0
0 0.2500 0.0188 0.0562 0.0156 0.0203
0 0.2500 12.0 36.0 10.0 13.0
0 0.2500 0.0188 0.0562 0.0250 0.0469
0 0.2500 12.0 36.0 16.0 30.0
0 0.2500 0.0312 0.0562 0.0156 0.0203
0 0.2500 20.0 36.0 10.0 13.0
0 0.2500 0.0312 0.0562 0.0250 0.0469
0 0.2500 20.0 36.0 16.0 30.0
0 0.2500 0.0312 0.0562 0.0516 0.0359
0 0.2500 20.0 36.0 33.0 23.0
0 0.2500 0.0437 0.0562 0.0156 0.0203
0 0.2500 28.0 36.0 10.0 13.0
0 0.2500 0.0437 0.0562 0.0250 0.0469
0 0.2500 28.0 36.0 16.0 30.0
0 0.2500 0.0562 0.0562 0.0156 0.0203
0 0.2500 36.0 36.0 10.0 13.0
0 0.2500 0.0562 0.0562 0.0250 0.0469
0 0.2500 36.0 36.0 16.0 30.0
0 0.2500 0.0562 0.0562 0.0516 0.0359
0 0.2500 36.0 36.0 33.0 23.0
0 0.2500 0.0688 0.0562 0.0156 0.0203
0 0.2500 44.0 36.0 10.0 13.0
0 0.2500 0.0688 0.0562 0.0250 0.0469
0 0.2500 44.0 36.0 16.0 30.0
0 0.2500 0.0812 0.0562 0.0156 0.0203
0 0.2500 52.0 36.0 10.0 13.0
0 0.2500 0.0812 0.0562 0.0250 0.0469
0 0.2500 52.0 36.0 16.0 30.0
0 0.2500 0.0812 0.0562 0.0516 0.0359
0 0.2500 52.0 36.0 33.0 23.0
0 0.2500 0.0938 0.0562 0.0156 0.0203
0 0.2500 60.0 36.0 10.0 13.0
0 0.2500 0.0938 0.0562 0.0250 0.0469
0 0.2500 60.0 36.0 16.0 30.0
0 0.2500 0.1063 0.0562 0.0156 0.0203
0 0.2500 68.0 36.0 10.0 13.0
0 0.2500 0.1063 0.0562 0.0250 0.0469
0 0.2500 68.0 36.0 16.0 30.0
0 0.2500 0.1063 0.0562 0.0516 0.0359
0 0.2500 68.0 36.0 33.0 23.0
0 0.2500 0.1187 0.0562 0.0156 0.0203
0 0.2500 76.0 36.0 10.0 13.0
0 0.2500 0.1187 0.0562 0.0250 0.0469
0 0.2500 76.0 36.0 16.0 30.0
0 0.2500 0.1312 0.0562 0.0156 0.0203
0 0.2500 84.0 36.0 10.0 13.0
0 0.2500 0.1312 0.0562 0.0250 0.0469
0 0.2500 84.0 36.0 16.0 30.0
0 0.2500 0.1312 0.0562 0.0516 0.0359
0 0.2500 84.0 36.0 33.0 23.0
0 0.2500 0.1437 0.0562 0.0156 0.0203
0 0.2500 92.0 36.0 10.0 13.0
0 0.2500 0.1437 0.0562 0.0250 0.0469
0 0.2500 92.0 36.0 16.0 30.0
0 0.2500 0.1562 0.0562 0.0156 0.0203
0 0.2500 100.0 36.0 10.0 13.0
0 0.2500 0.1562 0.0562 0.0250 0.0469
0 0.2500 100.0 36.0 16.0 30.0
0 0.2500 0.1562 0.0562 0.0516 0.0359
0 0.2500 100.0 36.0 33.0 23.0
0 0.2500 0.1688 0.0562 0.0156 0.0203
0 0.2500 108.0 36.0 10.0 13.0
0 0.2500 0.1688 0.0562 0.0250 0.0469
0 0.2500 108.0 36.0 16.0 30.0
0 0.2500 0.1813 0.0562 0.0156 0.0203
0 0.2500 116.0 36.0 10.0 13.0
0 0.2500 0.1813 0.0562 0.0250 0.0469
0 0.2500 116.0 36.0 16.0 30.0
0 0.2500 0.1813 0.0562 0.0516 0.0359
0 0.2500 116.0 36.0 33.0 23.0
0 0.2500 0.1937 0.0562 0.0156 0.0203
0 0.2500 124.0 36.0 10.0 13.0
0 0.2500 0.1937 0.0562 0.0250 0.0469
0 0.2500 124.0 36.0 16.0 30.0
0 0.2500 0.2062 0.0562 0.0156 0.0203
0 0.2500 132.0 36.0 10.0 13.0
0 0.2500 0.2062 0.0562 0.0250 0.0469
0 0.2500 132.0 36.0 16.0 30.0
0 0.2500 0.2062 0.0562 0.0516 0.0359
0 0.2500 132.0 36.0 33.0 23.0
0 0.2500 0.2188 0.0562 0.0156 0.0203
0 0.2500 140.0 36.0 10.0 13.0
0 0.2500 0.2188 0.0562 0.0250 0.0469
0 0.2500 140.0 36.0 16.0 30.0
0 0.2500 0.2313 0.0562 0.0156 0.0203
0 0.2500 148.0 36.0 10.0 13.0
0 0.2500 0.2313 0.0562 0.0250 0.0469
0 0.2500 148.0 36.0 16.0 30.0
0 0.2500 0.2313 0.0562 0.0516 0.0359
0 0.2500 148.0 36.0 33.0 23.0
0 0.2500 0.2438 0.0562 0.0156 0.0203
0 0.2500 156.0 36.0 10.0 13.0
0 0.2500 0.2438 0.0562 0.0250 0.0469
0 0.2500 156.0 36.0 16.0 30.0
0 0.2500 0.2562 0.0562 0.0156 0.0203
0 0.2500 164.0 36.0 10.0 13.0
0 0.2500 0.2562 0.0562 0.0250 0.0469
0 0.2500 164.0 36.0 16.0 30.0
0 0.2500 0.2562 0.0562 0.0516 0.0359
0 0.2500 164.0 36.0 33.0 23.0
0 0.2500 0.2688 0.0562 0.0156 0.0203
0 0.2500 172.0 36.0 10.0 13.0
0 0.2500 0.2688 0.0562 0.0250 0.0469
0 0.2500 172.0 36.0 16.0 30.0
0 0.2500 0.2812 0.0562 0.0156 0.0203
0 0.2500 180.0 36.0 10.0 13.0
0 0.2500 0.2812 0.0562 0.0250 0.0469
0 0.2500 180.0 36.0 16.0 30.0
0 0.2500 0.2812 0.0562 0.0516 0.0359
0 0.2500 180.0 36.0 33.0 23.0
0 0.2500 0.2937 0.0562 0.0156 0.0203
0 0.2500 188.0 36.0 10.0 13.0
0 0.2500 0.2937 0.0562 0.0250 0.0469
0 0.2500 188.0 36.0 16.0 30.0
0 0.2500 0.3063 0.0562 0.0156 0.0203
0 0.2500 196.0 36.0 10.0 13.0
0 0.2500 0.3063 0.0562 0.0250 0.0469
0 0.2500 196.0 36.0 16.0 30.0
0 0.2500 0.3063 0.0562 0.0516 0.0359
0 0.2500 196.0 36.0 33.0 23.0
0 0.2500 0.3187 0.0562 0.0156 0.0203
0 0.2500 204.0 36.0 10.0 13.0
0 0.2500 0.3187 0.0562 0.0250 0.0469
0 0.2500 204.0 36.0 16.0 30.0
0 0.2500 0.3313 0.0562 0.0156 0.0203
0 0.2500 212.0 36.0 10.0 13.0
0 0.2500 0.3313 0.0562 0.0250 0.0469
0 0.2500 212.0 36.0 16.0 30.0
0 0.2500 0.3313 0.0562 0.0516 0.0359
0 0.2500 212.0 36.0 33.0 23.0
0 0.2500 0.3438 0.0562 0.0156 0.0203
0 0.2500 220.0 36.0 10.0 13.0
0 0.2500 0.3438 0.0562 0.0250 0.0469
0 0.2500 220.0 36.0 16.0 30.0
0 0.2500 0.3562 0.0562 0.0156 0.0203
0 0.2500 228.0 36.0 10.0 13.0
0 0.2500 0.3562 0.0562 0.0250 0.0469
0 0.2500 228.0 36.0 16.0 30.0
0 0.2500 0.3562 0.0562 0.0516 0.0359
0 0.2500 228.0 36.0 33.0 23.0
0 0.2500 0.3688 0.0562 0.0156 0.0203
0 0.2500 236.0 36.0 10.0 13.0
0 0.2500 0.3688 0.0562 0.0250 0.0469
0 0.2500 236.0 36.0 16.0 30.0
0 0.2500 0.3812 0.0562 0.0156 0.0203
0 0.2500 244.0 36.0 10.0 13.0
0 0.2500 0.3812 0.0562 0.0250 0.0469
0 0.2500 244.0 36.0 16.0 30.0
0 0.2500 0.3812 0.0562 0.0516 0.0359
0 0.2500 244.0 36.0 33.0 23.0
0 0.2500 0.3938 0.0562 0.0156 0.0203
0 0.2500 252.0 36.0 10.0 13.0
0 0.2500 0.3938 0.0562 0.0250 0.0469
0 0.2500 252.0 36.0 16.0 30.0
0 0.2500 0.4062 0.0562 0.0156 0.0203
0 0.2500 260.0 36.0 10.0 13.0
0 0.2500 0.4062 0.0562 0.0250 0.0469
0 0.2500 260.0 36.0 16.0 30.0
0 0.2500 0.4062 0.0562 0.0516 0.0359
0 0.2500 260.0 36.0 33.0 23.0
0 0.2500 0.4187 0.0562 0.0156 0.0203
0 0.2500 268.0 36.0 10.0 13.0
0 0.2500 0.4187 0.0562 0.0250 0.0469
0 0.2500 268.0 36.0 16.0 30.0
0 0.2500 0.4313 0.0562 0.0156 0.0203
0 0.2500 276.0 36.0 10.0 13.0
0 0.2500 0.4313 0.0562 0.0250 0.0469
0 0.2500 276.0 36.0 16.0 30.0
0 0.2500 0.4313 0.0562 0.0516 0.0359
0 0.2500 276.0 36.0 33.0 23.0
0 0.2500 0.4437 0.0562 0.0156 0.0203
0 0.2500 284.0 36.0 10.0 13.0
0 0.2500 0.4437 0.0562 0.0250 0.0469
0 0.2500 284.0 36.0 16.0 30.0
0 0.2500 0.4563 0.0562 0.0156 0.0203
0 0.2500 292.0 36.0 10.0 13.0
0 0.2500 0.4563 0.0562 0.0250 0.0469
0 0.2500 292.0 36.0 16.0 30.0
0 0.2500 0.4563 0.0562 0.0516 0.0359
0 0.2500 292.0 36.0 33.0 23.0
0 0.2500 0.4688 0.0562 0.0156 0.0203
0 0.2500 300.0 36.0 10.0 13.0
0 0.2500 0.4688 0.0562 0.0250 0.0469
0 0.2500 300.0 36.0 16.0 30.0
0 0.2500 0.4812 0.0562 0.0156 0.0203
0 0.2500 308.0 36.0 10.0 13.0
0 0.2500 0.4812 0.0562 0.0250 0.0469
0 0.2500 308.0 36.0 16.0 30.0
0 0.2500 0.4812 0.0562 0.0516 0.0359
0 0.2500 308.0 36.0 33.0 23.0
0 0.2500 0.4938 0.0562 0.0156 0.0203
0 0.2500 316.0 36.0 10.0 13.0
0 0.2500 0.4938 0.0562 0.0250 0.0469
0 0.2500 316.0 36.0 16.0 30.0
0 0.2500 0.5063 0.0562 0.0156 0.0203
0 0.2500 324.0 36.0 10.0 13.0
0 0.2500 0.5063 0.0562 0.0250 0.0469
0 0.2500 324.0 36.0 16.0 30.0
0 0.2500 0.5063 0.0562 0.0516 0.0359
0 0.2500 324.0 36.0 33.0 23.0
0 0.2500 0.5188 0.0562 0.0156 0.0203
0 0.2500 332.0 36.0 10.0 13.0
0 0.2500 0.5188 0.0562 0.0250 0.0469
0 0.2500 332.0 36.0 16.0 30.0
0 0.2500 0.5312 0.0562 0.0156 0.0203
0 0.2500 340.0 36.0 10.0 13.0
0 0.2500 0.5312 0.0562 0.0250 0.0469
0 0.2500 340.0 36.0 16.0 30.0
0 0.2500 0.5312 0.0562 0.0516 0.0359
0 0.2500 340.0 36.0 33.0 23.0
0 0.2500 0.5437 0.0562 0.0156 0.0203
0 0.2500 348.0 36.0 10.0 13.0
0 0.2500 0.5437 0.0562 0.0250 0.0469
0 0.2500 348.0 36.0 16.0 30.0
0 0.2500 0.5562 0.0562 0.0156 0.0203
0 0.2500 356.0 36.0 10.0 13.0
0 0.2500 0.5562 0.0562 0.0250 0.0469
0 0.2500 356.0 36.0 16.0 30.0
0 0.2500 0.5562 0.0562 0.0516 0.0359
0 0.2500 356.0 36.0 33.0 23.0
0 0.2500 0.5688 0.0562 0.0156 0.0203
0 0.2500 364.0 36.0 10.0 13.0
0 0.2500 0.5688 0.0562 0.0250 0.0469
0 0.2500 364.0 36.0 16.0 30.0
0 0.2500 0.5813 0.0562 0.0156 0.0203
0 0.2500 372.0 36.0 10.0 13.0
0 0.2500 0.5813 0.0562 0.0250 0.0469
0 0.2500 372.0 36.0 16.0 30.0
0 0.2500 0.5813 0.0562 0.0516 0.0359
0 0.2500 372.0 36.0 33.0 23.0
0 0.2500 0.5938 0.0562 0.0156 0.0203
0 0.2500 380.0 36.0 10.0 13.0
0 0.2500 0.5938 0.0562 0.0250 0.0469
0 0.2500 380.0 36.0 16.0 30.0
0 0.2500 0.6062 0.0562 0.0156 0.0203
0 0.2500 388.0 36.0 10.0 13.0
0 0.2500 0.6062 0.0562 0.0250 0.0469
0 0.2500 388.0 36.0 16.0 30.0
0 0.2500 0.6062 0.0562 0.0516 0.0359
0 0.2500 388.0 36.0 33.0 23.0
0 0.2500 0.6187 0.0562 0.0156 0.0203
0 0.2500 396.0 36.0 10.0 13.0
0 0.2500 0.6187 0.0562 0.0250 0.0469
0 0.2500 396.0 36.0 16.0 30.0
0 0.2500 0.6313 0.0562 0.0156 0.0203
0 0.2500 404.0 36.0 10.0 13.0
0 0.2500 0.6313 0.0562 0.0250 0.0469
0 0.2500 404.0 36.0 16.0 30.0
0 0.2500 0.6313 0.0562 0.0516 0.0359
0 0.2500 404.0 36.0 33.0 23.0
0 0.2500 0.6438 0.0562 0.0156 0.0203
0 0.2500 412.0 36.0 10.0 13.0
0 0.2500 0.6438 0.0562 0.0250 0.0469
0 0.2500 412.0 36.0 16.0 30.0
0 0.2500 0.6562 0.0562 0.0156 0.0203
0 0.2500 420.0 36.0 10.0 13.0
0 0.2500 0.6562 0.0562 0.0250 0.0469
0 0.2500 420.0 36.0 16.0 30.0
0 0.2500 0.6562 0.0562 0.0516 0.0359
0 0.2500 420.0 36.0 33.0 23.0
0 0.2500 0.6687 0.0562 0.0156 0.0203
0 0.2500 428.0 36.0 10.0 13.0
0 0.2500 0.6687 0.0562 0.0250 0.0469
0 0.2500 428.0 36.0 16.0 30.0
0 0.2500 0.6812 0.0562 0.0156 0.0203
0 0.2500 436.0 36.0 10.0 13.0
0 0.2500 0.6812 0.0562 0.0250 0.0469
0 0.2500 436.0 36.0 16.0 30.0
0 0.2500 0.6812 0.0562 0.0516 0.0359
0 0.2500 436.0 36.0 33.0 23.0
0 0.2500 0.6938 0.0562 0.0156 0.0203
0 0.2500 444.0 36.0 10.0 13.0
0 0.2500 0.6938 0.0562 0.0250 0.0469
0 0.2500 444.0 36.0 16.0 30.0
0 0.2500 0.7063 0.0562 0.0156 0.0203
0 0.2500 452.0 36.0 10.0 13.0
0 0.2500 0.7063 0.0562 0.0250 0.0469
0 0.2500 452.0 36.0 16.0 30.0
0 0.2500 0.7063 0.0562 0.0516 0.0359
0 0.2500 452.0 36.0 33.0 23.0
0 0.2500 0.7188 0.0562 0.0156 0.0203
0 0.2500 460.0 36.0 10.0 13.0
0 0.2500 0.7188 0.0562 0.0250 0.0469
0 0.2500 460.0 36.0 16.0 30.0
0 0.2500 0.7312 0.0562 0.0156 0.0203
0 0.2500 468.0 36.0 10.0 13.0
0 0.2500 0.7312 0.0562 0.0250 0.0469
0 0.2500 468.0 36.0 16.0 30.0
0 0.2500 0.7312 0.0562 0.0516 0.0359
0 0.2500 468.0 36.0 33.0 23.0
0 0.2500 0.7437 0.0562 0.0156 0.0203
0 0.2500 476.0 36.0 10.0 13.0
0 0.2500 0.7437 0.0562 0.0250 0.0469
0 0.2500 476.0 36.0 16.0 30.0
0 0.2500 0.7563 0.0562 0.0156 0.0203
0 0.2500 484.0 36.0 10.0 13.0
0 0.2500 0.7563 0.0562 0.0250 0.0469
0 0.2500 484.0 36.0 16.0 30.0
0 0.2500 0.7563 0.0562 0.0516 0.0359
0 0.2500 484.0 36.0 33.0 23.0
0 0.2500 0.7688 0.0562 0.0156 0.0203
0 0.2500 492.0 36.0 10.0 13.0
0 0.2500 0.7688 0.0562 0.0250 0.0469
0 0.2500 492.0 36.0 16.0 30.0
0 0.2500 0.7812 0.0562 0.0156 0.0203
0 0.2500 500.0 36.0 10.0 13.0
0 0.2500 0.7812 0.0562 0.0250 0.0469
0 0.2500 500.0 36.0 16.0 30.0
0 0.2500 0.7812 0.0562 0.0516 0.0359
0 0.2500 500.0 36.0 33.0 23.0
0 0.2500 0.7937 0.0562 0.0156 0.0203
0 0.2500 508.0 36.0 10.0 13.0
0 0.2500 0.7937 0.0562 0.0250 0.0469
0 0.2500 508.0 36.0 16.0 30.0
0 0.2500 0.8062 0.0562 0.0156 0.0203
0 0.2500 516.0 36.0 10.0 13.0
0 0.2500 0.8062 0.0562 0.0250 0.0469
0 0.2500 516.0 36.0 16.0 30.0
0 0.2500 0.8062 0.0562 0.0516 0.0359
0 0.2500 516.0 36.0 33.0 23.0
0 0.2500 0.8188 0.0562 0.0156 0.0203
0 0.2500 524.0 36.0 10.0 13.0
0 0.2500 0.8188 0.0562 0.0250 0.0469
0 0.2500 524.0 36.0 16.0 30.0
0 0.2500 0.8313 0.0562 0.0156 0.0203
0 0.2500 532.0 36.0 10.0 13.0
0 0.2500 0.8313 0.0562 0.0250 0.0469
0 0.2500 532.0 36.0 16.0 30.0
0 0.2500 0.8313 0.0562 0.0516 0.0359
0 0.2500 532.0 36.0 33.0 23.0
0 0.2500 0.8438 0.0562 0.0156 0.0203
0 0.2500 540.0 36.0 10.0 13.0
0 0.2500 0.8438 0.0562 0.0250 0.0469
0 0.2500 540.0 36.0 16.0 30.0
0 0.2500 0.8562 0.0562 0.0156 0.0203
0 0.2500 548.0 36.0 10.0 13.0
0 0.2500 0.8562 0.0562 0.0250 0.0469
0 0.2500 548.0 36.0 16.0 30.0
0 0.2500 0.8562 0.0562 0.0516 0.0359
0 0.2500 548.0 36.0 33.0 23.0
0 0.2500 0.8687 0.0562 0.0156 0.0203
0 0.2500 556.0 36.0 10.0 13.0
0 0.2500 0.8687 0.0562 0.0250 0.0469
0 0.2500 556.0 36.0 16.0 30.0
0 0.2500 0.8813 0.0562 0.0156 0.0203
0 0.2500 564.0 36.0 10.0 13.0
0 0.2500 0.8813 0.0562 0.0250 0.0469
0 0.2500 564.0 36.0 16.0 30.0
0 0.2500 0.8813 0.0562 0.0516 0.0359
0 0.2500 564.0 36.0 33.0 23.0
0 0.2500 0.8938 0.0562 0.0156 0.0203
0 0.2500 572.0 36.0 10.0 13.0
0 0.2500 0.8938 0.0562 0.0250 0.0469
0 0.2500 572.0 36.0 16.0 30.0
0 0.2500 0.9062 0.0562 0.0156 0.0203
0 0.2500 580.0 36.0 10.0 13.0
0 0.2500 0.9062 0.0562 0.0250 0.0469
0 0.2500 580.0 36.0 16.0 30.0
0 0.2500 0.9062 0.0562 0.0516 0.0359
0 0.2500 580.0 36.0 33.0 23.0
0 0.2500 0.9187 0.0562 0.0156 0.0203
0 0.2500 588.0 36.0 10.0 13.0
0 0.2500 0.9187 0.0562 0.0250 0.0469
0 0.2500 588.0 36.0 16.0 30.0
0 0.2500 0.9312 0.0562 0.0156 0.0203
0 0.2500 596.0 36.0 10.0 13.0
0 0.2500 0.9312 0.0562 0.0250 0.0469
0 0.2500 596.0 36.0 16.0 30.0
0 0.2500 0.9312 0.0562 0.0516 0.0359
0 0.2500 596.0 36.0 33.0 23.0
0 0.2500 0.9438 0.0562 0.0156 0.0203
0 0.2500 604.0 36.0 10.0 13.0
0 0.2500 0.9438 0.0562 0.0250 0.0469
0 0.2500 604.0 36.0 16.0 30.0
0 0.2500 0.9563 0.0562 0.0156 0.0203
0 0.2500 612.0 36.0 10.0 13.0
0 0.2500 0.9563 0.0562 0.0250 0.0469
0 0.2500 612.0 36.0 16.0 30.0
0 0.2500 0.9563 0.0562 0.0516 0.0359
0 0.2500 612.0 36.0 33.0 23.0
0 0.2500 0.9688 0.0562 0.0156 0.0203
0 0.2500 620.0 36.0 10.0 13.0
0 0.2500 0.9688 0.0562 0.0250 0.0469
0 0.2500 620.0 36.0 16.0 30.0
0 0.2500 0.9812 0.0562 0.0156 0.0203
0 0.2500 628.0 36.0 10.0 13.0
0 0.2500 0.9812 0.0562 0.0250 0.0469
0 0.2500 628.0 36.0 16.0 30.0
0 0.2500 0.9812 0.0562 0.0516 0.0359
0 0.2500 628.0 36.0 33.0 23.0
0 0.2500 0.9937 0.0562 0.0156 0.0203
0 0.2500 636.0 36.0 10.0 13.0
0 0.2500 0.9937 0.0562 0.0250 0.0469
0 0.2500 636.0 36.0 16.0 30.0
0 0.2500 0.0063 0.0688 0.0156 0.0203
0 0.2500 4.0 44.0 10.0 13.0
0 0.2500 0.0188 0.0688 0.0156 0.0203
0 0.2500 12.0 44.0 10.0 13.0
0 0.2500 0.0188 0.0688 0.0516 0.0359
0 0.2500 12.0 44.0 33.0 23.0
0 0.2500 0.0312 0.0688 0.0156 0.0203
0 0.2500 20.0 44.0 10.0 13.0
0 0.2500 0.0437 0.0688 0.0156 0.0203
0 0.2500 28.0 44.0 10.0 13.0
0 0.2500 0.0437 0.0688 0.0516 0.0359
0 0.2500 28.0 44.0 33.0 23.0
0 0.2500 0.0562 0.0688 0.0156 0.0203
0 0.2500 36.0 44.0 10.0 13.0
0 0.2500 0.0688 0.0688 0.0156 0.0203
0 0.2500 44.0 44.0 10.0 13.0
0 0.2500 0.0688 0.0688 0.0516 0.0359
0 0.2500 44.0 44.0 33.0 23.0
0 0.2500 0.0812 0.0688 0.0156 0.0203
0 0.2500 52.0 44.0 10.0 13.0
0 0.2500 0.0938 0.0688 0.0156 0.0203
0 0.2500 60.0 44.0 10.0 13.0
0 0.2500 0.0938 0.0688 0.0516 0.0359
0 0.2500 60.0 44.0 33.0 23.0
0 0.2500 0.1063 0.0688 0.0156 0.0203
0 0.2500 68.0 44.0 10.0 13.0
0 0.2500 0.1187 0.0688 0.0156 0.0203
0 0.2500 76.0 44.0 10.0 13.0
0 0.2500 0.1187 0.0688 0.0516 0.0359
0 0.2500 76.0 44.0 33.0 23.0
0 0.2500 0.1312 0.0688 0.0156 0.0203
0 0.2500 84.0 44.0 10.0 13.0
0 0.2500 0.1437 0.0688 0.0156 0.0203
0 0.2500 92.0 44.0 10.0 13.0
0 0.2500 0.1437 0.0688 0.0516 0.0359
0 0.2500 92.0 44.0 33.0 23.0
0 0.2500 0.1562 0.0688 0.0156 0.0203
0 0.2500 100.0 44.0 10.0 13.0
0 0.2500 0.1688 0.0688 0.0156 0.0203
0 0.2500 108.0 44.0 10.0 13.0
0 0.2500 0.1688 0.0688 0.0516 0.0359
0 0.2500 108.0 44.0 33.0 23.0
0 0.2500 0.1813 0.0688 0.0156 0.0203
0 0.2500 116.0 44.0 10.0 13.0
0 0.2500 0.1937 0.0688 0.0156 0.0203
0 0.2500 124.0 44.0 10.0 13.0
0 0.2500 0.1937 0.0688 0.0516 0.0359
0 0.2500 124.0 44.0 33.0 23.0
0 0.2500 0.2062 0.0688 0.0156 0.0203
0 0.2500 132.0 44.0 10.0 13.0
0 0.2500 0.2188 0.0688 0.0156 0.0203
0 0.2500 140.0 44.0 10.0 13.0
0 0.2500 0.2188 0.0688 0.0516 0.0359
0 0.2500 140.0 44.0 33.0 23.0
0 0.2500 0.2313 0.0688 0.0156 0.0203
0 0.2500 148.0 44.0 10.0 13.0
0 0.2500 0.2438 0.0688 0.0156 0.0203
0 0.2500 156.0 44.0 10.0 13.0
0 0.2500 0.2438 0.0688 0.0516 0.0359
0 0.2500 156.0 44.0 33.0 23.0
0 0.2500 0.2562 0.0688 0.0156 0.0203
0 0.2500 164.0 44.0 10.0 13.0
0 0.2500 0.2688 0.0688 0.0156 0.0203
0 0.2500 172.0 44.0 10.0 13.0
0 0.2500 0.2688 0.0688 0.0516 0.0359
0 0.2500 172.0 44.0 33.0 23.0
0 0.2500 0.2812 0.0688 0.0156 0.0203
0 0.2500 180.0 44.0 10.0 13.0
0 0.2500 0.2937 0.0688 0.0156 0.0203
0 0.2500 188.0 44.0 10.0 13.0
0 0.2500 0.2937 0.0688 0.0516 0.0359
0 0.2500 188.0 44.0 33.0 23.0
0 0.2500 0.3063 0.0688 0.0156 0.0203
0 0.2500 196.0 44.0 10.0 13.0
0 0.2500 0.3187 0.0688 0.0156 0.0203
0 0.2500 204.0 44.0 10.0 13.0
0 0.2500 0.3187 0.0688 0.0516 0.0359
0 0.2500 204.0 44.0 33.0 23.0
0 0.2500 0.3313 0.0688 0.0156 0.0203
0 0.2500 212.0 44.0 10.0 13.0
0 0.2500 0.3438 0.0688 0.0156 0.0203
0 0.2500 220.0 44.0 10.0 13.0
0 0.2500 0.3438 0.0688 0.0516 0.0359
0 0.2500 220.0 44.0 33.0 23.0
0 0.2500 0.3562 0.0688 0.0156 0.0203
0 0.2500 228.0 44.0 10.0 13.0
0 0.2500 0.3688 0.0688 0.0156 0.0203
0 0.2500 236.0 44.0 10.0 13.0
0 0.2500 0.3688 0.0688 0.0516 0.0359
0 0.2500 236.0 44.0 33.0 23.0
0 0.2500 0.3812 0.0688 0.0156 0.0203
0 0.2500 244.0 44.0 10.0 13.0
0 0.2500 0.3938 0.0688 0.0156 0.0203
0 0.2500 252.0 44.0 10.0 13.0
0 0.2500 0.3938 0.0688 0.0516 0.0359
0 0.2500 252.0 44.0 33.0 23.0
0 0.2500 0.4062 0.0688 0.0156 0.0203
0 0.2500 260.0 44.0 10.0 13.0
0 0.2500 0.4187 0.0688 0.0156 0.0203
0 0.2500 268.0 44.0 10.0 13.0
0 0.2500 0.4187 0.0688 0.0516 0.0359
0 0.2500 268.0 44.0 33.0 23.0
0 0.2500 0.4313 0.0688 0.0156 0.0203
0 0.2500 276.0 44.0 10.0 13.0
0 0.2500 0.4437 0.0688 0.0156 0.0203
0 0.2500 284.0 44.0 10.0 13.0
0 0.2500 0.4437 0.0688 0.0516 0.0359
0 0.2500 284.0 44.0 33.0 23.0
0 0.2500 0.4563 0.0688 0.0156 0.0203
0 0.2500 292.0 44.0 10.0 13.0
0 0.2500 0.4688 0.0688 0.0156 0.0203
0 0.2500 300.0 44.0 10.0 13.0
0 0.2500 0.4688 0.0688 0.0516 0.0359
0 0.2500 300.0 44.0 33.0 23.0
0 0.2500 0.4812 0.0688 0.0156 0.0203
0 0.2500 308.0 44.0 10.0 13.0
0 0.2500 0.4938 0.0688 0.0156 0.0203
0 0.2500 316.0 44.0 10.0 13.0
0 0.2500 0.4938 0.0688 0.0516 0.0359
0 0.2500 316.0 44.0 33.0 23.0
0 0.2500 0.5063 0.0688 0.0156 0.0203
0 0.2500 324.0 44.0 10.0 13.0
0 0.2500 0.5188 0.0688 0.0156 0.0203
0 0.2500 332.0 44.0 10.0 13.0
0 0.2500 0.5188 0.0688 0.0516 0.0359
0 0.2500 332.0 44.0 33.0 23.0
0 0.2500 0.5312 0.0688 0.0156 0.0203
0 0.2500 340.0 44.0 10.0 13.0
0 0.2500 0.5437 0.0688 0.0156 0.0203
0 0.2500 348.0 44.0 10.0 13.0
0 0.2500 0.5437 0.0688 0.0516 0.0359
0 0.2500 348.0 44.0 33.0 23.0
0 0.2500 0.5562 0.0688 0.0156 0.0203
0 0.2500 356.0 44.0 10.0 13.0
0 0.2500 0.5688 0.0688 0.0156 0.0203
0 0.2500 364.0 44.0 10.0 13.0
0 0.2500 0.5688 0.0688 0.0516 0.0359
0 0.2500 364.0 44.0 33.0 23.0
0 0.2500 0.5813 0.0688 0.0156 0.0203
0 0.2500 372.0 44.0 10.0 13.0
0 0.2500 0.5938 0.0688 0.0156 0.0203
0 0.2500 380.0 44.0 10.0 13.0
0 0.2500 0.5938 0.0688 0.0516 0.0359
0 0.2500 380.0 44.0 33.0 23.0
0 0.2500 0.6062 0.0688 0.0156 0.0203
0 0.2500 388.0 44.0 10.0 13.0
0 0.2500 0.6187 0.0688 0.0156 0.0203
0 0.2500 396.0 44.0 10.0 13.0
0 0.2500 0.6187 0.0688 0.0516 0.0359
0 0.2500 396.0 44.0 33.0 23.0
0 0.2500 0.6313 0.0688 0.0156 0.0203
0 0.2500 404.0 44.0 10.0 13.0
0 0.2500 0.6438 0.0688 0.0156 0.0203
0 0.2500 412.0 44.0 10.0 13.0
0 0.2500 0.6438 0.0688 0.0516 0.0359
0 0.2500 412.0 44.0 33.0 23.0
0 0.2500 0.6562 0.0688 0.0156 0.0203
0 0.2500 420.0 44.0 10.0 13.0
0 0.2500 0.6687 0.0688 0.0156 0.0203
0 0.2500 428.0 44.0 10.0 13.0
0 0.2500 0.6687 0.0688 0.0516 0.0359
0 0.2500 428.0 44.0 33.0 23.0
0 0.2500 0.6812 0.0688 0.0156 0.0203
0 0.2500 436.0 44.0 10.0 13.0
0 0.2500 0.6938 0.0688 0.0156 0.0203
0 0.2500 444.0 44.0 10.0 13.0
0 0.2500 0.6938 0.0688 0.0516 0.0359
0 0.2500 444.0 44.0 33.0 23.0
0 0.2500 0.7063 0.0688 0.0156 0.0203
0 0.2500 452.0 44.0 10.0 13.0
0 0.2500 0.7188 0.0688 0.0156 0.0203
0 0.2500 460.0 44.0 10.0 13.0
0 0.2500 0.7188 0.0688 0.0516 0.0359
0 0.2500 460.0 44.0 33.0 23.0
0 0.2500 0.7312 0.0688 0.0156 0.0203
0 0.2500 468.0 44.0 10.0 13.0
0 0.2500 0.7437 0.0688 0.0156 0.0203
0 0.2500 476.0 44.0 10.0 13.0
0 0.2500 0.7437 0.0688 0.0516 0.0359
0 0.2500 476.0 44.0 33.0 23.0
0 0.2500 0.7563 0.0688 0.0156 0.0203
0 0.2500 484.0 44.0 10.0 13.0
0 0.2500 0.7688 0.0688 0.0156 0.0203
0 0.2500 492.0 44.0 10.0 13.0
0 0.2500 0.7688 0.0688 0.0516 0.0359
0 0.2500 492.0 44.0 33.0 23.0
0 0.2500 0.7812 0.0688 0.0156 0.0203
0 0.2500 500.0 44.0 10.0 13.0
0 0.2500 0.7937 0.0688 0.0156 0.0203
0 0.2500 508.0 44.0 10.0 13.0
0 0.2500 0.7937 0.0688 0.0516 0.0359
0 0.2500 508.0 44.0 33.0 23.0
0 0.2500 0.8062 0.0688 0.0156 0.0203
0 0.2500 516.0 44.0 10.0 13.0
0 0.2500 0.8188 0.0688 0.0156 0.0203
0 0.2500 524.0 44.0 10.0 13.0
0 0.2500 0.8188 0.0688 0.0516 0.0359
0 0.2500 524.0 44.0 33.0 23.0
0 0.2500 0.8313 0.0688 0.0156 0.0203
0 0.2500 532.0 44.0 10.0 13.0
0 0.2500 0.8438 0.0688 0.0156 0.0203
0 0.2500 540.0 44.0 10.0 13.0
0 0.2500 0.8438 0.0688 0.0516 0.0359
0 0.2500 540.0 44.0 33.0 23.0
0 0.2500 0.8562 0.0688 0.0156 0.0203
0 0.2500 548.0 44.0 10.0 13.0
0 0.2500 0.8687 0.0688 0.0156 0.0203
0 0.2500 556.0 44.0 10.0 13.0
0 0.2500 0.8687 0.0688 0.0516 0.0359
0 0.2500 556.0 44.0 33.0 23.0
0 0.2500 0.8813 0.0688 0.0156 0.0203
0 0.2500 564.0 44.0 10.0 13.0
0 0.2500 0.8938 0.0688 0.0156 0.0203
0 0.2500 572.0 44.0 10.0 13.0
0 0.2500 0.8938 0.0688 0.0516 0.0359
0 0.2500 572.0 44.0 33.0 23.0
0 0.2500 0.9062 0.0688 0.0156 0.0203
0 0.2500 580.0 44.0 10.0 13.0
0 0.2500 0.9187 0.0688 0.0156 0.0203
0 0.2500 588.0 44.0 10.0 13.0
0 0.2500 0.9187 0.0688 0.0516 0.0359
0 0.2500 588.0 44.0 33.0 23.0
0 0.2500 0.9312 0.0688 0.0156 0.0203
0 0.2500 596.0 44.0 10.0 13.0
0 0.2500 0.9438 0.0688 0.0156 0.0203
0 0.2500 604.0 44.0 10.0 13.0
0 0.2500 0.9438 0.0688 0.0516 0.0359
0 0.2500 604.0 44.0 33.0 23.0
0 0.2500 0.9563 0.0688 0.0156 0.0203
0 0.2500 612.0 44.0 10.0 13.0
0 0.2500 0.9688 0.0688 0.0156 0.0203
0 0.2500 620.0 44.0 10.0 13.0
0 0.2500 0.9688 0.0688 0.0516 0.0359
0 0.2500 620.0 44.0 33.0 23.0
0 0.2500 0.9812 0.0688 0.0156 0.0203
0 0.2500 628.0 44.0 10.0 13.0
0 0.2500 0.9937 0.0688 0.0156 0.0203
0 0.2500 636.0 44.0 10.0 13.0
0 0.2500 0.9937 0.0688 0.0516 0.0359
0 0.2500 636.0 44.0 33.0 23.0
0 0.2500 0.0063 0.0812 0.0156 0.0203
0 0.2500 4.0 52.0 10.0 13.0
0 0.2500 0.0063 0.0812 0.0250 0.0469
0 0.2500 4.0 52.0 16.0 30.0
0 0.2500 0.0063 0.0812 0.0516 0.0359
0 0.2500 4.0 52.0 33.0 23.0
0 0.2500 0.0188 0.0812 0.0156 0.0203
0 0.2500 12.0 52.0 10.0 13.0
0 0.2500 0.0188 0.0812 0.0250 0.0469
0 0.2500 12.0 52.0 16.0 30.0
0 0.2500 0.0312 0.0812 0.0156 0.0203
0 0.2500 20.0 52.0 10.0 13.0
0 0.2500 0.0312 0.0812 0.0250 0.0469
0 0.2500 20.0 52.0 16.0 30.0
0 0.2500 0.0312 0.0812 0.0516 0.0359
0 0.2500 20.0 52.0 33.0 23.0
0 0.2500 0.0437 0.0812 0.0156 0.0203
0 0.2500 28.0 52.0 10.0 13.0
0 0.2500 0.0437 0.0812 0.0250 0.0469
0 0.2500 28.0 52.0 16.0 30.0
0 0.2500 0.0562 0.0812 0.0156 0.0203
0 0.2500 36.0 52.0 10.0 13.0
0 0.2500 0.0562 0.0812 0.0250 0.0469
0 0.2500 36.0 52.0 16.0 30.0
0 0.2500 0.0562 0.0812 0.0516 0.0359
0 0.2500 36.0 52.0 33.0 23.0
0 0.2500 0.0688 0.0812 0.0156 0.0203
0 0.2500 44.0 52.0 10.0 13.0
0 0.2500 0.0688 0.0812 0.0250 0.0469
0 0.2500 44.0 52.0 16.0 30.0
0 0.2500 0.0812 0.0812 0.0156 0.0203
0 0.2500 52.0 52.0 10.0 13.0
0 0.2500 0.0812 0.0812 0.0250 0.0469
0 0.2500 52.0 52.0 16.0 30.0
0 0.2500 0.0812 0.0812 0.0516 0.0359
0 0.2500 52.0 52.0 33.0 23.0
0 0.2500 0.0938 0.0812 0.0156 0.0203
0 0.2500 60.0 52.0 10.0 13.0
0 0.2500 0.0938 0.0812 0.0250 0.0469
0 0.2500 60.0 52.0 16.0 30.0
0 0.2500 0.1063 0.0812 0.0156 0.0203
0 0.2500 68.0 52.0 10.0 13.0
0 0.2500 0.1063 0.0812 0.0250 0.0469
0 0.2500 68.0 52.0 16.0 30.0
0 0.2500 0.1063 0.0812 0.0516 0.0359
0 0.2500 68.0 52.0 33.0 23.0
0 0.2500 0.1187 0.0812 0.0156 0.0203
0 0.2500 76.0 52.0 10.0 13.0
0 0.2500 0.1187 0.0812 0.0250 0.0469
0 0.2500 76.0 52.0 16.0 30.0
0 0.2500 0.1312 0.0812 0.0156 0.0203
0 0.2500 84.0 52.0 10.0 13.0
0 0.2500 0.1312 0.0812 0.0250 0.0469
0 0.2500 84.0 52.0 16.0 30.0
0 0.2500 0.1312 0.0812 0.0516 0.0359
0 0.2500 84.0 52.0 33.0 23.0
0 0.2500 0.1437 0.0812 0.0156 0.0203
0 0.2500 92.0 52.0 10.0 13.0
0 0.2500 0.1437 0.0812 0.0250 0.0469
0 0.2500 92.0 52.0 16.0 30.0
0 0.2500 0.1562 0.0812 0.0156 0.0203
0 0.2500 100.0 52.0 10.0 13.0
0 0.2500 0.1562 0.0812 0.0250 0.0469
0 0.2500 100.0 52.0 16.0 30.0
0 0.2500 0.1562 0.0812 0.0516 0.0359
0 0.2500 100.0 52.0 33.0 23.0
0 0.2500 0.1688 0.0812 0.0156 0.0203
0 0.2500 108.0 52.0 10.0 13.0
0 0.2500 0.1688 0.0812 0.0250 0.0469
0 0.2500 108.0 52.0 16.0 30.0
0 0.2500 0.1813 0.0812 0.0156 0.0203
0 0.2500 116.0 52.0 10.0 13.0
0 0.2500 0.1813 0.0812 0.0250 0.0469
0 0.2500 116.0 52.0 16.0 30.0
0 0.2500 0.1813 0.0812 0.0516 0.0359
0 0.2500 116.0 52.0 33.0 23.0
0 0.2500 0.1937 0.0812 0.0156 0.0203
0 0.2500 124.0 52.0 10.0 13.0
0 0.2500 0.1937 0.0812 0.0250 0.0469
0 0.2500 124.0 52.0 16.0 30.0
