Image: bus
Total detections: 9
Format: class_id confidence x y w h (normalized 0-1)
Format: class_id confidence x_pixel y_pixel w_pixel h_pixel

0 0.8231 0.3816 0.5816 0.1322 0.4333
0 0.8231 244.2 372.2 84.6 277.3
0 0.8158 0.2411 0.5933 0.1527 0.6846
0 0.8158 154.3 379.7 97.7 438.2
0 0.7088 0.4070 0.5794 0.1253 0.8222
0 0.7088 260.5 370.8 80.2 526.2
0 0.6757 0.8212 0.5762 0.1354 0.4783
0 0.6757 525.6 368.8 86.7 306.1
0 0.6716 0.2615 0.5851 0.1493 1.3849
0 0.6716 167.4 374.4 95.5 886.3
0 0.6708 0.8212 0.5761 0.1284 1.1969
0 0.6708 525.6 368.7 82.2 766.0
5 0.5255 0.5258 0.4710 0.7212 0.4957
5 0.5255 336.5 301.5 461.5 317.2
5 0.3692 0.5261 0.4714 5.4043 2.0419
5 0.3692 336.7 301.7 3458.7 1306.8
5 0.3097 0.5224 0.4393 1.4751 0.5893
5 0.3097 334.3 281.2 944.0 377.1
